25410
6709 5606 16505
24723 25234 15777
11930 10327 1283
1202 4937 15181
384 18985 21472
23385 14358 16633
21782 8775 21677
10966 9707 25174
10759 22364 4234
16111 21044 16253
14605 9044 6450
2836 8706 24956
11953 1639 24444
8256 21562 15478
20360 15035 23334
21925 2722 16504
24307 7093 12066
4719 7336 9420
5172 23845 21055
10396 24676 3979
14727 21129 21320
2570 1910 12663
7876 16590 4887
2911 23229 9526
149 4119 6099
9541 23821 11294
12212 14479 16778
6077 20169 10675
12006 9831 17062
9642 11387 16055
13233 25161 16375
8342 603 1001
23316 14288 1332
21531 9349 24737
12573 6793 2708
17404 3497 5606
16669 8097 23020
22505 11310 4578
14570 16296 6241
20764 12409 10035
17450 1463 22304
6022 24097 5770
10523 18784 23568
12697 12231 20075
14882 10504 67
5480 17392 18626
6508 21360 13665
24648 22816 12915
25027 10497 13527
7127 10201 14485
18987 24718 15700
5585 11507 14857
1078 4645 19869
223 15299 12300
21734 1875 11436
14501 2207 19133
15130 5971 7641
3470 20661 21794
19676 12796 6993
11492 25339 9694
9176 15729 9977
9160 5391 12983
8927 20563 8915
18261 16107 15081
7203 21496 16976
12214 9441 6325
8008 5093 4422
7422 23043 21626
14466 20134 14642
20999 16040 9560
7803 5049 21206
1814 20605 17411
20981 19568 17160
21352 10359 12477
6574 8729 6750
15246 14242 6278
13767 9660 14913
4987 1516 4138
12411 5265 22956
4099 13278 10018
3121 14681 21625
16940 14254 12440
3954 8381 4009
9000 18124 801
10048 743 18706
22665 18227 7575
13815 3038 11693
20540 16966 23924
5374 5552 7354
19080 17731 11029
5981 9510 25360
7069 21159 1531
19099 17927 12753
22811 12442 20564
4209 8623 22602
25040 5804 20740
10622 5653 12708
10418 8739 23352
7607 24877 13243
22061 7924 3614
3745 3614 20804
11408 2181 12030
19874 21395 5258
15181 11021 17937
16283 3437 8595
23002 1775 18308
10175 21614 6664
25059 8885 12954
13158 8312 8877
23984 17117 23097
14412 8971 12171
7368 22580 11403
6297 12117 17613
1955 23671 15357
18816 3639 15386
16098 18509 4723
9625 3699 3393
211 5940 2738
15479 11563 1557
4498 21344 924
23841 22935 22896
8969 19697 13401
4087 5159 18487
9370 11824 17183
22033 21837 4943
10193 18528 24292
12733 22986 13103
17783 8099 16190
5123 1968 23177
13183 2301 14733
21886 10723 21163
17633 24404 16702
12625 13746 8472
6100 2166 8222
18563 4069 24613
23473 17235 4471
21933 11504 19253
3705 2467 3565
1139 6867 12875
22696 19446 16473
24152 1645 10568
13835 7351 22122
8504 2253 22369
22106 399 6187
3862 1048 16987
8202 14379 24488
11785 13696 484
1459 21476 14255
19436 10997 1100
24720 4454 15223
1086 9484 24371
10569 19742 11604
15902 23283 2911
20600 11226 12989
17321 15220 9506
24290 6213 9881
5739 9082 3447
15231 16541 12549
843 24800 18348
8731 12133 11633
20685 7938 18074
24556 21980 4488
5939 12773 5620
24061 15771 9123
5837 3274 15679
4079 19866 25125
15948 1984 20604
21573 17728 8946
13432 23774 3689
18590 16350 9376
464 9001 5995
21125 10084 15179
11914 20216 15138
809 15985 4619
3054 16933 392
7264 24909 18138
12783 1221 21662
4045 22095 2473
6023 10349 7295
6706 21279 22318
7030 13580 4680
1622 17355 24526
11359 2138 5582
1566 15810 23244
6621 13195 22290
12160 5297 1832
9394 17190 9976
7588 25064 8912
20777 16364 8777
11117 23495 1175
2960 11733 7004
18803 14532 3698
1042 5510 22487
16421 12268 19994
17693 12700 21454
15086 5874 15432
24077 13512 20201
8757 24059 3239
2538 19118 9656
17234 4094 21548
24925 3733 17435
9684 1033 25319
1990 5155 24115
23064 21642 1699
4833 23150 23597
12303 2101 10287
2292 12312 3539
12489 17905 10536
3180 15172 18816
1293 15404 17459
20231 17765 4749
14997 21242 4870
16067 4735 12227
9360 18444 0
4412 2539 20844
19821 1127 11453
1838 15779 3803
24938 891 5835
19212 21992 22684
16989 12208 13039
825 22174 24250
6955 20619 21353
24323 11151 14710
22771 12980 15112
9329 10891 12572
9086 2591 13813
4695 14309 13556
15796 21942 17902
12131 18024 11734
7613 22499 23371
19076 1691 5671
23898 5695 22888
22842 16117 5484
24139 3834 7400
14252 8338 12099
14264 25191 19163
4598 18163 852
8848 9000 21779
6843 13292 2265
16141 10457 580
3197 19596 23408
19311 8431 23530
19347 18293 15974
9066 7115 15180
41 16170 22075
9753 19035 23785
14131 9897 22752
12384 7311 17678
20721 4539 5551
25012 20988 6159
9008 19911 9315
21639 10894 7910
24724 14177 21355
16606 23344 22915
11080 11351 9831
11877 23127 15664
7241 21722 25235
2321 18372 19540
5641 4607 5457
2252 662 11955
4405 6571 21593
5190 17674 8787
1188 13643 21868
21831 23435 17660
14925 11657 13924
3734 22955 15338
2391 21082 24265
14949 23700 20865
6673 3673 10868
2977 16165 19659
8246 19966 7318
18045 3861 8312
6999 11922 24824
2232 14407 11670
3850 5789 23431
1062 4942 13779
24495 18834 9617
21785 16706 6635
23648 24743 3756
16838 4315 18611
15892 12388 22229
14067 4360 23637
6518 14915 12333
13444 17016 4650
22347 10953 13877
1579 791 19700
3606 18015 10922
9963 8744 5969
10249 2837 4848
11098 19524 22570
23189 10773 13553
10094 21116 13457
19994 10039 13731
7966 1345 10279
11654 9399 5735
9991 10154 1955
21313 2566 4548
14806 3489 7161
16762 23887 25008
11126 15142 4662
7546 19252 9600
8521 19396 6385
16572 18354 17647
11509 19272 500
16260 24625 16553
449 18518 1418
6167 21521 2637
22972 9535 10052
8649 11686 22275
12901 21831 5160
1670 10254 21909
23332 459 10121
18144 22253 22837
56 2788 10160
15602 699 14344
20638 12118 10621
13193 22142 22328
9810 3035 8804
11447 20746 4352
13952 10231 18014
9801 10400 22803
8500 16837 14206
25152 305 2880
6376 3996 3007
5792 19774 1605
16788 2364 8927
22727 15537 3425
3313 16803 12278
3152 9730 23150
17622 16144 14772
3115 7156 3050
7958 12062 8100
79 11980 5113
12020 6282 107
7839 22028 20913
12611 14507 7485
24384 22068 1597
11742 24837 1772
22690 16738 20669
19573 1141 7757
8859 1735 22827
2059 23758 17806
8611 4211 21247
2379 8029 514
1209 11213 19627
11641 8538 19584
24904 8094 5120
2642 304 9627
859 18752 14399
20070 24791 5642
17482 18688 21995
12083 5632 2515
4346 17818 19938
20554 7830 18523
4307 2735 20603
5679 11411 23910
13324 24532 16905
5810 16132 19309
20096 1552 21134
18389 10282 21015
12035 15702 9190
2700 15262 20710
24827 11913 22594
13564 20954 23642
16908 4280 22168
3514 19650 1130
18716 7884 11199
6345 19624 15512
2422 13084 5408
9223 7179 23055
17887 24210 24319
18640 14249 16660
18719 18410 11357
18317 6621 13708
22313 3527 14818
15416 2169 14233
10229 17178 16525
18162 13462 4996
20463 3866 6704
16522 20249 15160
6055 18211 5916
23795 859 18413
20446 10872 24353
13883 16623 8149
15480 6553 11246
16813 16877 2444
4849 1006 17825
18311 3404 14769
21397 18049 15000
8182 21690 16797
21082 24343 5208
18198 14014 1994
15259 18655 6731
17840 9330 22958
11310 7228 21949
1350 13937 24232
23267 22755 3099
16025 8071 18979
13283 6251 13968
4731 10583 14275
24964 4827 3793
4639 3594 1376
15995 22427 18887
23301 7845 14923
2449 14740 311
8720 17838 21310
20817 12969 2620
6714 6648 18095
12840 18145 17013
4860 13139 11434
15696 21002 2297
4944 1823 19770
3816 20367 24139
12440 1371 682
22661 958 5082
21436 12535 2087
17524 16489 15405
21680 7045 13853
5875 9752 3410
10933 14766 23344
24334 18041 21292
20120 10689 16632
18584 4136 19419
4178 21234 1453
18804 10278 10118
23124 9482 9050
23199 19574 19962
5065 2012 22476
11840 24639 17981
7430 464 815
18755 12166 3823
17510 22354 18605
3335 22279 20312
15131 8925 22145
17083 18462 14110
14286 25024 16825
3628 11933 8359
6211 1268 9710
24529 19156 14410
24147 9189 11932
11966 22916 9751
5317 8226 3662
19249 3104 16408
3008 8537 5300
17712 19823 13144
23620 24707 17650
23426 5171 13445
20835 4675 10793
18002 9578 22521
8318 10387 4053
14292 24176 18859
14687 7001 25362
21682 14895 7850
2187 4491 6132
8568 21217 20927
17740 7752 6349
10000 15495 2179
19976 17808 13015
24387 21471 20702
607 12392 13120
17431 17233 19263
19278 12434 9585
7471 13404 14130
24187 1487 14409
3713 17292 23755
21451 7429 19488
18681 3379 8563
2845 242 21017
13582 13556 4630
22887 6034 20151
22156 6342 9923
12251 13657 10485
6546 5059 21731
9419 24469 15592
10292 13652 13828
425 4761 20024
16716 24307 24579
18481 25256 23449
368 15014 7559
19267 15556 11108
13109 11212 24396
8678 24008 8183
22381 8833 6721
7212 14418 14544
5561 3658 2802
6224 15061 6547
21620 1404 2365
24526 6841 17298
9401 16218 3746
5686 25225 23718
8037 13941 19213
5549 18578 260
17422 22262 16277
15545 7796 233
16415 11805 1917
11831 12918 8739
20498 24424 79
8431 3894 15629
19635 10714 7270
6504 3411 19088
6264 21345 12144
129 9791 3063
5520 4182 23103
19841 9028 13468
11191 2835 15868
10117 10437 5206
656 12615 8683
22557 24158 5694
14114 18081 11160
12209 11297 14953
19907 1831 9233
1868 16415 3944
16237 14801 19378
20042 2962 6877
8067 11764 8511
17938 12972 14899
20464 20099 15399
23927 11520 18219
6610 715 16576
16306 10441 19376
17035 7176 15928
15570 12738 21404
9851 9975 16765
17115 14628 6500
7503 22723 23896
17154 822 13358
15227 11613 18799
3372 320 6059
16466 6622 25324
23755 19192 8526
4381 2528 21063
13716 17960 12818
12283 14100 16692
7177 22409 4258
16889 22309 23536
1503 20745 17992
5421 4800 8373
6001 20079 4183
14148 903 16733
18380 10910 4993
4331 2275 21117
10826 14135 23810
24766 2115 2460
24267 4605 10435
20696 4270 9628
16638 13098 10808
5779 3003 19823
11295 17861 13514
9030 12759 3531
10431 22655 18666
10813 951 4584
19120 6759 10725
15690 17082 15909
15356 24504 19322
1956 15632 1214
14524 4822 9020
16165 16119 4807
16346 5926 4010
4130 17426 12788
3719 24255 20775
7477 24858 9335
10282 24685 8269
18645 7840 16140
21519 17636 24873
15106 9257 805
325 3163 13339
19193 18940 11427
21415 13459 11957
18999 5026 6227
8527 20231 13671
10286 10643 13331
9717 21621 1318
15369 9769 17526
16690 20363 4302
1431 12553 10446
7457 8281 18855
11206 24580 4780
5902 10942 1356
18350 13613 5192
16388 2651 24098
13039 14398 2757
14377 21438 11252
17363 2551 21430
22032 11773 2582
1090 6131 3455
24995 18877 23527
12139 23388 23841
15671 2759 20382
18233 23562 17369
22460 17060 8628
11034 21703 22697
25089 2379 16951
10450 8477 622
18456 5745 9099
17797 11857 24013
895 12938 19690
566 6135 2975
5274 8653 19874
9866 3935 4222
17864 7983 10634
24489 982 21669
21755 13812 20793
17147 2212 14095
7055 1186 17245
20066 11134 894
22461 22838 23477
18438 6119 18241
9533 24995 7900
19503 15379 19530
19631 3643 19846
12259 23748 14608
19678 2487 24462
16195 10539 172
295 11 19733
3987 14727 18565
5424 6321 5935
18176 1557 13562
14137 2603 6589
21941 3190 15305
13799 13962 10077
12319 25293 11680
1985 17245 18966
24594 14853 24648
4689 15824 13759
18343 23964 13699
4420 8181 721
9727 22338 1749
19046 10130 1520
19936 21795 19092
18652 4138 9927
1392 7703 24779
15460 13012 1613
7678 16417 17603
1325 18833 2321
24423 13144 7981
13037 4701 9781
22281 20688 10399
22498 18323 12864
19712 24041 8157
8383 15874 18176
12992 14277 7935
13354 9351 12406
20964 14582 1880
16037 13795 14958
9299 12040 6824
4770 3226 10417
520 19841 7207
18077 22541 13792
21425 20336 13969
5331 279 13058
21199 24289 6167
1745 15864 3358
13228 3125 25356
21836 5893 23306
17678 17584 11071
4205 11064 3392
3808 6911 24204
250 16080 18131
6486 9105 21022
23462 22814 8712
7589 15453 10235
5419 7278 8663
12793 4854 1247
4026 22020 18990
8117 14308 4900
6818 23085 20270
6863 5125 14017
15277 22876 23392
23164 18685 10548
19175 14993 12520
18937 5217 14165
11530 18648 13605
5684 1670 7343
11701 6094 16027
4868 1438 440
15519 14864 5373
6168 17456 17555
19728 6697 2412
21160 3469 279
14162 4956 18034
6760 17474 18281
3146 8795 5541
5726 13054 21307
14761 152 17766
4057 6010 20069
6399 14671 13408
21988 60 10832
12856 18568 22262
10091 8580 20480
24805 10969 18573
8352 6477 19040
2606 20483 11477
1536 11609 6491
20657 25393 3320
17978 19221 6912
17596 10940 15505
12361 828 2432
18909 24232 2958
23581 13887 21099
13822 7401 7516
12002 3312 23265
9819 6183 5042
18694 21119 10530
11837 24945 3462
4792 12009 17274
14336 20288 5605
917 13843 12357
24847 11618 2536
2371 1598 21174
21369 12832 14988
19143 8755 2919
11348 1408 4812
15845 17151 285
17033 13988 305
23499 7914 14602
8593 18023 5885
21879 8955 11503
699 20738 15388
23880 5825 13694
5467 6388 23148
11531 12666 23023
12947 18857 23276
24697 6335 22039
14947 11286 525
22597 14525 9473
8799 12500 20412
11609 26 16348
10637 8318 22849
13189 20622 23227
5619 25196 18920
14205 193 8973
6501 23196 22395
5225 3788 17110
21453 13266 15004
4276 508 14496
21718 23601 19114
14331 17282 3303
9455 554 15286
22999 14222 20527
10719 9861 7021
3409 19735 9975
23361 1099 15805
19811 23923 19491
8621 9921 15850
14111 13603 13024
112 25204 13161
5947 14752 18325
10876 21470 10261
4902 17542 15087
9505 21883 11771
20015 4041 3486
18105 10006 17229
10771 9305 23876
14029 17619 19782
17312 15799 2129
4119 11192 15044
6906 7499 12749
5029 23188 22983
2659 6466 9595
5056 6075 1078
24197 20935 21497
2133 14060 2041
20870 16250 24694
2704 19792 20038
965 22212 18267
23359 21589 3146
10355 10156 18898
19412 16659 23091
3860 6951 1542
24089 22562 558
3240 9151 21954
14050 13358 10829
14839 11453 13544
193 2918 7344
18717 21170 8534
2368 16261 787
1904 19839 21526
18832 14548 24032
24609 7903 7234
1766 19471 4626
7111 15377 3496
1531 19307 1649
8166 20418 19804
10680 10825 12791
9271 1531 20247
23706 16504 16326
10870 21440 19953
6172 20612 16840
2774 14868 24965
6981 3909 22282
4063 23005 6792
10776 15692 25064
13627 6425 636
8285 15795 22998
12425 18876 11012
1201 19466 20340
1297 15522 15069
17267 16402 6045
16487 14957 15244
10894 23310 21324
1251 14366 3907
16818 20559 19688
11313 22761 1357
19427 8265 10593
6459 13169 2220
18340 6516 25210
17547 16004 7675
9120 4245 7465
15507 15348 11852
5335 20796 23669
11705 12876 20110
22415 22896 2985
9284 12319 267
10131 22796 9172
24571 3575 7800
15045 632 24549
23112 23785 33
23030 5248 25271
15397 14041 18123
18519 7688 10753
19037 19430 22845
1614 23926 4473
671 2222 1952
6423 25353 4448
3912 1302 6958
22921 8685 348
22202 17311 1790
20697 6718 722
2399 3088 16077
14432 355 21229
23797 17981 6822
17041 22987 11149
3282 11552 5692
13989 13419 1016
23204 13255 4950
20344 15939 10314
10476 8419 4759
19527 20297 18402
4404 18146 22443
8506 18751 7434
1275 9944 24914
4799 9684 4922
7739 654 14685
2747 12201 6846
2105 3511 25090
7831 11486 5958
11256 574 6389
19373 3743 3242
24825 293 2377
24865 21673 6741
23702 14950 13575
3666 15171 15981
13493 19989 18726
16999 2051 4376
11799 15229 16446
20543 18236 9907
10685 2682 20903
22516 19327 24065
541 7259 15746
20174 4407 13304
5101 7595 197
20221 8365 14055
2879 13271 2685
13673 17708 10960
12285 20390 9423
24672 12450 6502
22234 7556 8466
15291 18729 2054
16471 18324 15481
1954 10238 11895
21049 3925 15840
6627 18907 7090
19462 2331 20166
11153 3617 13285
3771 21726 8010
19765 484 14580
11332 4497 7528
15279 12105 15903
11569 21447 2255
21263 4968 16225
4935 8878 22768
20167 22060 16613
20404 21307 11813
4252 17581 10977
23220 15560 10777
24222 24303 8198
11578 12847 10201
767 15922 8060
24277 19078 22211
2561 2873 6887
19612 18617 12277
3055 16776 7061
13874 18986 18365
21298 5432 2302
1718 721 3221
16854 4572 22187
3080 19371 12613
23973 24118 22037
744 17707 1265
21129 12977 20457
12552 20509 7709
2815 22616 5444
4625 12636 14313
8160 5454 14663
10544 11264 20629
3556 16685 11524
12505 1937 17451
4461 2025 9273
7923 11090 5788
10308 16445 18550
15625 5616 12691
644 9152 23964
12655 514 19466
10572 20459 4037
20487 20038 12200
7667 6809 7604
12256 7529 13617
505 6615 4412
21488 8137 15688
25130 12291 11764
12675 25110 24414
23539 25153 5593
7388 14450 11560
6773 15728 18774
16290 11865 25031
16045 9702 8760
19570 5798 3520
20916 24912 19907
14106 25144 7118
7340 4646 16877
9574 4265 17727
7617 104 19216
24445 16333 17502
23694 1055 9857
2639 446 17976
3436 56 8845
15820 4981 19366
2492 14820 1684
13132 14405 1533
19184 10605 5816
597 5483 14363
1007 5084 6435
14790 15674 5349
20324 23351 21825
24025 2420 969
4513 20893 4206
6047 3355 4153
12005 10788 4524
15660 22462 20738
4653 8491 1498
8140 17511 10886
10999 2170 6804
10967 9213 3257
21323 5575 12288
15758 3101 17710
5358 11002 16133
11396 8018 11320
15171 20917 22741
4282 23630 12294
13073 4126 5537
13905 3598 17321
17190 22065 3882
15733 21772 10362
522 21389 23652
18137 1566 23537
9593 17366 3857
15386 9615 738
13668 4899 1032
21220 20854 17869
6145 21929 8422
8473 18640 23673
10875 18262 16772
17970 19940 6538
2179 3958 21666
22783 15602 15554
19863 22699 21716
13964 16885 24160
14652 9804 11982
1321 19333 5493
13531 13230 16051
4563 22857 22642
9916 15107 18454
17899 13317 140
2027 24649 6671
7306 19485 10537
15311 12346 2850
18875 5347 14439
19141 7638 4092
20274 23538 928
7769 20806 10943
7693 25055 1668
12766 7479 17796
22948 23471 3195
13732 16166 18075
13403 7525 14254
22180 2485 13202
22616 23267 16917
8973 12595 11207
22521 25210 20973
6918 24368 16104
