26347
3371 15143 22887
16135 14292 2364
17617 1747 14030
10419 1 9294
15229 25308 10318
21143 21270 23440
16361 5665 13117
22488 22392 8608
9660 4174 1034
9279 11487 17040
19982 23598 23720
18723 24361 18859
9060 10554 18601
20473 10171 21391
188 5728 9037
495 16380 8602
1007 17573 11566
10314 9931 21401
5293 10913 13675
1724 634 3636
16913 407 15779
23943 22589 8246
8892 3075 17285
5054 23455 6482
1033 14823 959
6065 25599 14967
10426 20252 7560
16820 19789 18073
3130 22107 23981
17389 15293 23890
6295 20377 4561
10368 6442 3753
5990 7210 13902
14353 1113 23643
7033 4534 25596
18579 1631 15313
34 8540 21926
6933 21635 24162
9474 778 23201
658 2436 19424
1844 8837 10038
24259 2926 13212
2948 24084 6363
6965 11884 575
12588 14614 18769
3756 14165 2844
23750 23326 19915
23190 19092 5829
16392 24035 18706
22752 5804 15331
360 15663 2490
14213 14121 14925
24577 874 1798
598 20100 22062
19703 7289 11222
8974 24456 5807
17739 3861 14731
22866 11179 60
11640 10008 21854
15170 7238 10951
7644 9695 8348
4917 2233 15949
8472 17074 16637
5368 24269 24474
18494 14602 16526
8817 6574 1992
11654 9151 10503
16776 26268 7022
21300 14269 22889
3549 18918 5428
3937 22250 18376
14521 14446 5563
20106 24909 9007
1209 13503 19170
10025 991 21151
10472 20414 13447
13264 14118 274
6796 7900 11146
10791 13201 10626
16577 926 1947
14745 16335 23938
19653 21553 25200
14271 25184 13380
23462 24192 15227
22519 2413 14681
4422 12719 4587
8386 25511 7610
6154 13277 2178
18493 17547 22707
19238 8619 20156
2689 3664 13287
20977 15057 19518
5009 21953 12333
6168 1734 18578
6357 15731 22643
3373 21126 6051
3506 4342 2265
5057 24872 23230
17339 7272 3312
9817 16957 18065
22978 3391 13956
18457 14882 23392
24192 9651 3098
17803 19625 18093
16236 25858 16186
4710 2834 5874
7709 24732 3786
4092 24244 6786
9875 4091 21426
3155 415 18511
17203 19238 5899
22313 16927 18276
11149 4072 21329
24803 25359 1415
19359 13227 15041
10984 6617 23338
1009 21366 10013
8641 5125 2366
13326 11396 10271
5633 14751 26065
21609 7457 12076
17512 9639 19809
19134 20571 531
21250 7644 3100
15481 14973 25809
7244 8480 24333
3736 4907 4808
15138 6527 25744
19357 9331 24206
22299 19344 22172
1408 18423 26003
24352 16736 25193
24746 14923 96
17054 5956 17721
12914 7079 3365
22028 16151 122
11025 8108 12788
2185 4195 9066
14612 2376 9373
5612 15950 11227
3088 24003 4742
9042 22997 11982
15805 23282 20378
4679 23140 14401
6538 21486 22152
16312 3422 3978
5171 21015 18251
12718 1126 15902
15635 6560 20466
8506 22480 10496
2152 8695 12458
10838 3368 6614
15715 16679 10470
321 14180 11981
8213 1405 89
20923 5028 25150
8241 15858 1884
1132 5271 17376
1593 21532 22499
8594 22956 7068
8029 19473 17950
8196 12026 9253
13129 24302 17901
10451 6864 25111
9283 23339 14863
12971 7777 16615
3770 4235 19598
14102 4032 25266
10219 2569 5435
15893 16462 24635
18044 5797 25792
4541 2330 3114
99 11818 13501
14996 23389 11786
13408 18747 1340
14659 10424 12742
20241 25704 4041
19821 22611 7772
20367 12385 11991
24884 9198 19241
18821 11229 6633
5824 10678 4851
15275 22517 11023
18649 21221 20422
14567 25296 216
11725 10092 26171
3814 12876 5679
9320 23376 9377
310 11977 23840
9313 7066 1652
17077 16553 16164
21491 2850 6982
13856 20670 18679
17236 18509 13299
8290 10855 13070
14245 18479 13034
14511 21708 25624
1970 14062 5573
17131 5387 7225
13510 10937 16131
3247 23335 1095
1065 11804 21319
12812 18340 7057
2116 22317 18053
797 22870 25303
5795 7393 16042
862 25784 7181
13055 3312 1072
19939 3090 1195
7182 6773 2067
1476 23539 15058
11976 7535 5982
16021 2652 19734
21499 6364 18820
3303 9536 4089
2650 18722 13807
1668 9870 10422
19065 25744 19707
22265 14473 8511
11892 20072 8669
3361 526 22116
16446 22046 6095
16410 22660 11431
15318 8722 23081
23794 21411 9325
18869 10317 14739
3901 6269 4201
9260 22918 266
3812 9747 25915
24122 3103 15183
15177 1358 13767
15506 8435 9470
22946 14808 13017
11849 12408 7135
5436 12532 3580
11556 17249 17163
19639 6460 8344
838 10090 10189
10525 12592 536
17588 12201 13939
9044 8038 18475
20736 21746 2593
15764 7153 13669
14702 3232 19072
19444 5648 8160
7771 7286 190
13179 17920 21654
9519 19715 13788
11007 25079 19670
5185 3345 4682
24936 24000 11781
23499 6303 7900
19752 8439 3022
13174 20765 23339
1361 26314 24831
12001 20875 4624
17084 783 6039
13421 963 10610
13592 12223 41
2084 23691 2534
11137 11449 19112
21202 4037 19334
15203 292 12757
1054 12578 20614
9680 11750 16773
20089 26119 19899
10875 11602 15474
23613 25929 10565
10554 11881 9492
11691 22132 25055
6770 16763 16398
19923 16708 21301
17167 18688 14304
9760 24337 20725
1175 25152 21752
21140 19202 9687
17648 23177 19085
13833 491 25812
24312 24887 20346
3403 8761 23255
7907 7805 24004
22629 25446 9921
13763 13538 2240
17786 25311 1711
4507 26221 14084
1158 20975 24924
17299 4281 18195
7749 15083 778
9947 16660 23906
739 12751 22823
7680 7732 13278
18983 22832 24284
23345 11348 21898
4246 17308 16248
14928 22175 21275
13300 17055 12733
18881 17235 9433
21929 329 10673
2922 2378 4055
11308 23780 8927
194 8636 6404
8923 600 10416
8876 6407 2958
19884 10615 2821
6495 17165 14034
2281 21550 19206
11063 4246 20820
15658 1884 15411
2862 20475 19762
4169 9822 5909
22603 13885 15140
15286 15915 20774
9772 4703 7942
14403 7412 1516
13469 11758 22222
11762 3943 166
7021 10208 4260
4940 23209 892
23564 13429 17843
6576 12826 23216
23280 10596 16793
16606 20128 3168
13460 14463 11348
10915 24991 20711
21570 3771 4445
16335 17512 9765
11333 20176 12660
1884 14852 15064
24345 22465 3743
6293 10411 21345
7529 6658 18461
19775 15239 18501
20718 25351 1964
11269 3386 16572
734 939 427
12622 6992 4788
13642 21787 1674
16060 5777 9951
20625 23469 4129
7378 4134 18916
20766 3623 3782
8361 18796 19970
13370 8267 23324
2724 6329 9575
6886 12055 15892
21853 16930 4008
4845 23046 11408
20045 16124 12110
7276 2752 4612
15981 3716 23756
20753 11045 5794
2594 10966 21155
5537 22566 14466
4327 12282 14089
19166 17283 19994
19333 22230 15033
9863 19718 23991
8663 5175 13647
10520 5218 8076
1273 5678 19171
8533 10427 3401
5497 3039 3064
21267 23060 5658
14047 21802 3256
3591 11660 11100
14346 17762 21606
18132 26195 18081
2644 12636 21941
17206 25559 3798
10207 18550 21183
8476 24188 15878
19476 12176 15400
10271 19168 10265
20323 21440 10914
5206 22358 2898
7059 23909 2571
5384 5094 1480
10432 13388 7576
6031 4296 2774
24084 2017 3829
13114 9085 887
15075 845 10789
929 1084 4849
1892 12317 20683
23845 10020 3065
17451 16508 15193
10395 13627 12897
6007 4583 10448
13093 1220 17087
685 6887 1794
11599 7877 10848
12334 20436 17968
21683 3101 1603
20525 8259 2717
3154 19578 18256
22654 2057 5208
22496 13170 6604
2248 19675 20345
7833 24166 6919
5744 15574 19611
16142 11316 23442
21470 5852 10893
17471 25121 16989
24473 11587 20989
6685 4855 9974
22136 1266 17245
1259 21813 5940
15741 17027 15640
9910 2142 925
15344 22819 18667
23067 24584 11206
175 8393 3717
22983 24429 18329
7218 20362 7851
19021 21027 4312
5453 22407 19566
7135 20519 16754
17928 18614 1273
9636 2987 4063
18211 3990 733
1899 10473 8745
1112 20828 24829
2937 3814 9084
13504 14081 16354
20978 5597 16054
536 5095 22763
581 6956 2943
15999 17823 25730
33 10384 13248
24669 10595 4885
2046 3123 15007
2998 21171 25026
2245 9603 22011
13746 5556 10533
22820 16889 1378
22438 2787 19353
14086 25074 17672
16444 20715 10838
18876 13166 16425
9093 25259 5052
20775 4663 19644
1198 10481 20959
7813 14108 4660
19514 15146 23357
9598 24588 25830
5105 6083 16659
6725 18977 15333
14990 158 19174
16963 2722 15555
20261 11576 15107
23801 6806 8462
3443 15616 7558
9225 4441 21129
18315 14380 19487
18189 2991 24586
2590 19558 4395
12123 11133 25863
17562 2070 20081
11243 202 1781
20990 13848 19937
24356 19421 14529
9862 1922 5378
16218 17397 3564
21306 3338 6154
17645 1686 19185
18537 17112 25689
4775 15509 9181
16990 11410 18677
21655 655 21994
13805 3941 14869
17033 8386 21585
15419 25482 22384
6814 10700 20431
6094 24658 9729
13688 8810 22667
3414 13103 25554
24705 12076 299
6419 14744 25280
13931 18983 22569
17260 1578 14193
13967 21974 14780
6854 14663 8798
17887 25815 24698
3875 20778 11854
12803 591 15483
1645 24401 10116
24167 9461 20003
13873 15465 3672
13220 3412 14813
5745 9895 3472
931 16990 23599
9639 860 19055
16191 8938 16518
1522 18546 3000
11844 16879 13853
19587 18273 3893
24794 17719 4543
11399 23129 14527
2476 11218 19913
16190 3053 158
5564 22327 3499
12272 3757 12502
23790 19989 21809
983 18133 11277
17619 8216 23870
7624 18477 6551
12964 23276 7653
7478 22797 20447
12055 5861 8560
6676 24130 14636
3188 7653 9917
14276 17953 8325
21347 11621 11996
10636 14763 25960
15895 10071 7982
514 15765 12532
2887 2966 8419
21316 25671 13553
18678 26068 2297
18929 9134 845
389 12920 8768
19894 16285 18732
19943 7252 24737
10229 21076 14914
23865 4619 23431
20882 6724 15277
10962 16208 9512
15068 23437 20240
8283 10733 3127
1596 16622 19661
20308 1827 25507
18795 6101 23661
1775 71 7113
14124 13732 5507
11385 20585 2673
17263 14536 10173
14425 8306 11749
16341 17606 12211
18958 16421 18242
24385 21316 14486
2784 15532 12446
1344 14012 25121
7464 22003 1299
10683 26250 10361
6375 17549 177
17584 2974 21258
8414 15700 12129
8275 6045 11805
22559 4731 22068
6128 18157 19628
11469 22555 22270
4306 21272 15735
24003 19452 26063
18136 12100 13787
2223 13665 23470
17843 416 20719
22497 23084 13344
16918 18831 10311
15556 18648 22997
21633 15782 12810
8529 3270 12849
17284 23020 7600
3931 19947 22801
21437 120 11707
12855 20655 10469
16106 12246 23524
289 14416 23995
4022 4782 8359
17386 9464 18976
8867 5846 6563
9405 9084 6325
3208 4151 24688
2972 2878 4321
1877 15245 4276
19553 23815 5773
13905 13781 902
5666 11333 12663
2704 5600 21386
5037 9023 22922
9710 3908 18437
17907 2679 7311
12267 13681 2383
24626 19523 17521
12809 19834 25457
12866 21589 23290
8579 21534 16474
23035 1284 4122
7289 16813 23588
5904 23890 11323
2831 1881 24405
24787 11380 7792
18018 1971 12303
8165 2604 12241
11636 3074 13423
5319 21327 12371
20154 18935 4708
44 21275 16765
1737 23810 22953
12518 20669 1151
21775 11441 23956
14869 24286 1362
20930 16613 16222
23910 15374 6632
244 14933 18662
19648 8725 12708
14306 26056 21026
2525 10759 23157
15704 24850 3416
5696 17332 14260
7795 17383 18151
19089 7101 20740
20575 8975 7389
24269 24251 6826
23532 13341 20504
22426 12165 14126
16445 23730 13741
4261 8340 11879
17672 14334 5789
23635 17090 11517
1692 8701 24087
12205 15397 12980
1217 25595 15093
12759 239 13125
23184 1681 25631
24532 6372 16085
9941 357 16874
7665 1810 17686
15233 7301 8283
3482 2279 22960
8328 4067 24189
15021 16861 18819
12451 16581 25345
15089 8911 3421
513 6820 12765
21102 5059 5006
2388 951 9322
5243 1169 11923
123 472 492
14190 3342 15440
1769 11711 22420
13384 7324 4834
15797 2484 3303
12383 1020 21313
18621 6018 16922
9195 9497 7434
20957 8899 4710
22382 2865 15998
4965 22060 21071
17811 9494 5728
10597 13967 9539
405 1624 22743
19389 16512 7443
16804 17858 8913
24531 11549 18878
11093 10254 8657
15128 23608 8983
21674 23628 2630
608 15426 11866
3280 19761 16266
12673 11036 9299
596 14559 22057
8507 3540 13175
19589 22215 3590
1445 17620 16182
21174 4407 11608
9385 11932 9841
5938 10816 4671
5942 15177 21702
7524 24547 3575
9559 15328 8826
13997 11266 9533
7397 26147 23566
8691 15494 19698
2813 13034 6670
2890 11016 2467
20190 22096 17335
23681 2402 15602
15600 12483 6867
16680 24808 4297
1229 10804 21203
3833 15531 15816
21056 16099 19117
18900 12794 18530
17432 11301 209
1691 11533 4734
17539 15142 5255
6326 16734 14579
22799 10267 20202
4967 11857 5780
8980 12594 19016
19307 19142 4188
22097 12963 12380
20511 3199 17136
7983 12670 20550
11739 13928 20893
1803 7913 7803
1574 19375 12633
17701 13718 17625
23726 18894 1572
12483 7698 6816
22608 341 25005
22863 23225 23800
7581 6933 8456
4464 16241 323
19667 20154 4178
23427 4367 624
14784 90 12172
20567 16768 18527
12078 22983 24065
11796 15688 18947
14851 5671 5444
10381 17145 13600
17571 676 5295
1937 22300 23702
18378 14200 5135
11622 770 3703
8732 16954 3431
882 8569 9130
4867 19042 24143
2734 12447 13912
14897 19470 2430
22149 22770 16907
19248 13824 8975
23464 17319 17011
17124 6858 20035
11473 5304 23129
20232 15352 6275
13697 19299 14429
24838 8082 2893
8436 7197 6319
14069 18590 3849
10165 4806 9139
8391 5318 20106
16533 21 3530
16649 10051 19440
8081 13670 9195
245 7497 24110
18721 21582 18291
14434 15163 16078
13017 20943 9107
23156 796 20581
10305 10891 17980
23318 9372 8400
21738 955 6189
20393 26048 23803
6620 8288 3209
24077 5969 14849
771 6649 16704
10790 24980 4981
23371 14295 8695
12243 22682 18772
3959 5010 1922
24221 17670 20715
13696 4972 10322
21868 8663 24357
15073 24116 6001
16052 7651 24436
23358 17812 17627
20849 15989 17409
23803 16159 11366
24511 159 8588
12857 1590 8621
4825 258 5183
9678 10352 11931
9016 7559 12549
4130 24351 18120
10237 16232 16837
18280 22198 14605
20012 3676 6479
11506 12130 16311
22757 17279 5608
4950 23955 20305
2381 8901 9227
3048 8118 15301
17622 5834 19289
17978 13457 1535
15936 7191 339
21145 5350 17203
19705 8808 20372
22318 11628 13534
13278 21907 16857
22695 22307 25912
20430 14561 12585
9574 26003 24848
2096 10130 764
15727 2527 25552
2232 25747 25538
6677 23476 23724
11929 16333 20942
4907 450 7343
18094 18224 14070
22911 10513 387
9071 20036 12487
12487 20011 8870
19707 15438 6680
19786 6486 6420
12120 19877 9686
4478 20214 22605
6985 5424 3340
19210 24976 19857
15131 25007 9876
16864 1490 15686
2933 2288 19724
6504 16412 21247
7978 5356 24980
12783 1182 1199
23233 24957 9003
22220 20722 25242
2328 18373 25207
20610 16011 17471
24429 24419 20633
7952 18184 17567
9322 5511 998
20450 4762 6392
21727 21928 10754
12991 4954 17820
19358 694 17586
18142 6438 15792
14931 21863 4933
4729 5909 18621
2545 9104 8838
3687 20296 4368
16495 8477 23083
23032 17353 16444
24033 356 5273
17029 19927 26133
12899 18123 19131
4361 9788 17759
24900 21828 6112
5410 15901 6949
19868 23653 24542
22037 22731 4501
7329 19217 4943
8088 21679 16955
8055 16377 9622
10804 15727 6281
2366 7666 20124
20673 16579 10833
18756 9949 15189
1531 1783 8331
16717 11920 17640
9997 20268 660
23395 9277 7481
18784 24076 24886
14141 368 7137
11327 24696 24685
4429 10656 16531
6446 14232 24034
12553 18087 22845
14737 18090 4640
20342 17845 1805
4578 9420 13202
9451 2968 13818
22180 7493 2513
12406 6231 9797
12170 36 8509
21807 3154 9981
3943 7838 5488
2293 17440 14934
7725 1038 7524
10157 8161 12258
21354 9586 11084
3459 23247 23118
12126 24775 1494
23153 7947 25076
17547 18044 4235
10359 7027 14347
6234 5085 24470
13576 1753 24959
469 23987 25135
8133 14421 22066
12313 20672 21469
22725 5187 6870
6263 25973 2112
16332 1448 2227
4060 4484 10704
17698 1176 17772
15465 9073 4726
214 3580 8031
11361 8170 8216
7992 7133 21119
3983 16761 10127
21055 13577 15537
18336 24222 4488
18501 6742 15352
22079 12721 598
22338 6193 23499
17707 12366 1242
19255 9802 24505
8405 8866 3936
1486 15012 16206
15389 17484 26084
19690 15208 5546
4647 23888 14782
11423 7348 10975
19297 26073 12034
8952 18154 2337
8740 7453 6739
3665 10725 25395
5315 4722 7485
9168 13798 15854
6662 15096 17435
49 23102 10089
1998 12444 18402
6238 10617 2036
3316 18001 25661
5104 11090 3473
4617 547 7696
16019 7602 17883
23060 20336 24790
10881 5705 23997
7549 21417 17501
22888 14696 24618
21037 2555 15498
7874 12973 13722
261 16280 23660
14801 20616 7307
10075 16469 687
22300 730 11046
947 18322 1838
12109 15184 17563
15853 25406 10040
14971 23519 782
9918 11668 24255
2429 23858 9397
13389 15694 13365
1308 4870 2157
23934 9220 17452
18242 16058 7260
1849 11216 12946
451 24344 6518
8866 21113 17128
23897 19005 16107
4715 15817 8112
12036 14564 20269
4828 21903 458
2285 11106 5096
10421 7990 23341
13526 16179 8732
20018 2119 14222
10741 6705 9661
7085 10446 25442
11206 25231 11167
10709 25319 19991
13241 9988 12404
14779 25880 6236
12627 17907 22296
154 20835 22340
173 10303 9648
9347 16442 5331
16216 3453 22455
16752 4706 802
23867 12986 21514
5886 8528 8374
21402 3494 14604
22233 8986 23040
5842 13320 24749
21909 10301 23303
8800 14577 16600
10116 22434 14146
7431 6151 2736
17238 17410 5043
18416 25042 6104
19409 17202 19638
16267 9250 6694
21968 25178 20543
13428 10997 21960
3631 20914 9479
20816 19270 25184
17736 25628 5335
17894 1860 12823
9127 6349 2881
18432 2192 22542
23117 9712 21552
4406 18432 20621
23987 13055 25948
6194 4606 10222
5127 1320 1456
7803 1537 6445
7878 5252 3803
14215 9303 18024
1172 879 12710
8765 20557 6458
21545 8011 26022
22316 23564 13985
22007 5186 5016
24310 10805 19395
391 13119 14373
14522 11680 11469
24448 18712 21776
3090 16161 1744
14477 8951 20860
12138 17148 1112
10700 18850 1513
12880 24505 14000
16953 1198 12464
10989 5466 10373
4203 14522 13458
2308 24624 11658
24010 6822 7731
