2849
1582 2542 503
109 2793 2019
193 1655 1710
2721 2129 723
265 222 1241
2364 123 1744
2482 2040 1942
589 2761 1939
2499 2181 2265
2428 814 2287
613 1579 249
636 377 1106
823 1607 828
521 41 1399
867 1015 1320
1921 2730 909
166 2696 272
1258 1230 2539
2317 2019 104
1741 737 1890
896 1217 613
2801 1526 158
2527 477 1203
2140 206 399
405 1970 537
2217 1569 1724
1767 2799 902
477 1519 2096
1958 1139 1531
2173 2089 2542
2286 168 2499
364 1414 1749
978 266 1642
2686 1391 2176
68 2362 924
1501 1790 2464
1837 2750 319
2383 1258 2219
2306 107 259
1646 688 1960
2476 2489 1607
1789 930 288
401 1997 1679
1336 85 429
1392 1182 858
1487 1881 2009
136 648 208
560 749 2423
42 1717 1103
2197 767 2145
1885 1540 1796
545 2248 1060
1947 597 1100
1416 368 2169
346 202 1427
134 1838 376
666 863 416
2091 1093 1384
1194 1926 2241
2047 1563 2385
1760 241 384
783 1430 124
2685 1210 52
1294 1024 1473
1821 1486 1535
697 2676 480
354 559 364
1615 1698 2428
2001 1465 31
1532 1398 1487
828 2508 1145
875 966 614
1479 1332 1856
372 293 974
944 2562 1816
2638 1361 660
2443 453 2357
1466 2209 2463
1692 2161 758
1173 2265 1563
2764 422 1003
1603 526 1042
833 451 1706
745 787 2023
2431 901 2057
300 2443 461
2507 1006 1156
1363 0 2110
227 1189 1993
2262 325 1372
1127 2579 2521
2620 2733 580
543 2647 1842
673 637 1935
1054 1291 1339
1022 2558 2325
1014 2366 2080
2572 2802 1364
2343 2408 73
2239 2436 1377
2137 2313 1611
1088 508 677
430 1756 788
2712 2598 1290
375 1051 1190
