25309
3422 19142 24590
2931 13492 9809
2603 5041 25100
3848 19243 2074
22277 18658 7688
9503 14906 2338
21952 865 1510
22846 6053 13249
15858 2479 7586
23369 2655 7406
4069 8234 3491
8675 1287 6488
8670 6942 18948
6177 4038 17958
4339 15899 16601
24299 23700 1118
19409 19598 12036
17577 2204 4119
17892 1516 24016
6648 12287 18784
21894 3981 13637
5652 18220 22073
2482 3119 24891
13156 17472 17173
23239 17435 12216
18310 15700 17146
24257 5744 95
22909 12187 3725
13513 17101 10500
11567 7905 22475
2631 3334 17346
19410 20958 4803
4871 9124 19625
7634 37 19077
7245 4049 23413
5757 12278 8983
17642 15735 8539
13466 22874 7947
11109 18407 17086
13761 16906 14270
12634 23681 13935
22913 17778 600
2370 18784 13578
12933 5630 11221
3368 6261 940
13649 1788 2934
19233 16591 11859
19811 8888 19940
19478 6000 12673
9027 7099 5626
20992 22749 19355
16210 1270 19202
23175 23379 12448
11611 1940 16630
22759 22911 7861
23470 24533 19310
24435 4372 3958
16729 21123 16916
22827 21736 13651
17476 10583 8788
13051 2439 10078
9459 9138 5665
23871 17117 1389
2573 6333 8687
7823 1530 4818
8664 6814 11197
8485 13410 22571
9770 20385 15002
7275 3369 11820
12265 23986 11095
4532 7543 17828
1272 7269 18598
17750 14666 23268
7366 9765 23849
10618 13929 14551
3880 13640 9811
5613 8289 15524
4035 15293 14343
12860 21267 11307
15246 22311 10652
10534 7206 3613
15540 17220 12363
16090 10652 8174
14226 10358 21393
22928 15140 12890
22668 7528 25233
24406 21905 6261
12287 15124 15779
18138 11215 24604
21442 4236 7254
21853 12109 11152
10259 24586 2887
9584 1351 22680
11345 16359 8202
17580 5799 15321
21145 8672 1061
1961 6773 15988
6378 9734 19860
15727 17406 6343
21774 4675 7704
19136 24625 7273
5329 24894 23836
20185 2041 17653
13090 13005 20272
6350 463 23810
483 22175 10425
11843 14195 4045
16145 22933 18050
7865 11236 14713
297 18007 1599
8035 8098 251
3352 5083 13680
3264 1208 12733
19336 19816 15154
22580 22537 5539
10621 14326 4720
12931 27 24182
4572 17382 23355
20226 12470 24095
19580 9658 15781
22172 24300 24773
5215 8027 15232
7495 21320 21699
14661 14049 22190
18780 15521 17043
19094 13231 9104
14264 11349 6750
4106 13769 491
8315 365 24172
17555 18567 24977
23241 5889 3512
2551 983 25013
3121 14845 25265
23050 4314 15598
10955 300 4203
2133 20074 12293
3646 19409 5326
4948 9474 7113
3924 16802 10636
17180 9012 3677
587 5130 14953
5523 7112 9731
14719 584 10157
17520 14008 19233
24175 4460 1774
7437 7470 1533
20048 21949 19395
22297 10661 5368
21118 20542 4300
16909 24808 25158
11077 14441 15440
23243 16286 15193
18819 1710 2135
22248 336 18200
14576 16450 20159
18893 10343 10784
13408 18454 1934
12706 24907 15906
11069 12619 3885
6691 7311 12506
3318 21639 16948
20712 13535 4847
24286 15340 22333
3157 7747 14882
12815 3089 10658
23818 14826 7678
21631 10265 22473
14989 13809 17070
7757 24630 12690
943 17830 4882
9105 24705 12242
12934 15028 778
3319 2420 23051
11887 20261 2491
13682 3149 19823
23429 1625 2916
12232 1167 4562
10713 23112 13937
14762 14109 2355
5154 11070 21332
4492 10705 16953
9059 2084 21258
6710 21923 11977
1280 22547 6846
6319 12774 18424
19708 16209 20935
20868 16989 5657
18586 9880 6676
1555 13381 19437
8822 20534 12625
24008 10017 16506
5196 21697 19720
14460 23768 8004
24322 9923 15608
15382 938 13513
20787 10053 15828
19829 1326 11642
14861 16058 3160
24084 4340 3856
16430 3388 1494
18793 24165 16062
2983 22044 2662
23908 3639 4147
19672 15753 16546
12940 12802 9525
19282 4947 10029
13192 23020 4007
16908 11910 23530
1066 7229 20893
8340 14957 16873
2243 12102 3426
10037 22674 7996
10811 3041 12550
993 10697 1969
928 15659 24607
9832 1558 9291
3606 23066 12926
7079 8715 199
21178 21333 11247
24004 14919 22758
11432 8099 2937
16659 22712 23729
22041 24766 14833
2799 6404 9748
23270 22124 14910
22510 4388 9196
397 4260 6782
11230 6624 9204
253 2741 3264
23737 6073 1308
15032 6614 19338
2217 4055 5026
2790 8278 23076
23097 21546 23902
2880 6763 18247
11653 2113 21360
19460 15189 16405
8498 8804 17512
11743 7785 12752
2219 21894 23216
6008 12328 20955
19545 8753 15074
4552 9644 24413
16592 12627 23520
4325 12499 9304
11603 9536 11035
24340 24204 6997
2580 7817 6259
7745 7438 17569
10687 10385 18342
19371 7781 7400
3073 14273 5696
21312 16015 8379
12063 9033 22267
17446 21285 23588
21454 10514 1259
769 22862 17701
11700 568 16799
12981 13594 25093
14597 7671 21795
15495 12535 14216
12045 18989 16268
5915 11261 10576
16522 19643 19123
14552 16193 689
18039 18613 6180
2878 13166 12590
13081 19552 3369
6608 17747 13016
24042 22993 14039
1134 11255 18715
12638 21684 21873
6250 18144 23142
19231 14011 9554
20948 24309 11656
21743 6146 23712
9135 24119 22029
23857 19769 24548
20728 754 19271
22717 24279 6881
1458 8320 15483
12791 10136 14404
23113 15052 21064
3577 7404 6333
10450 8313 23253
11542 23889 3769
11781 14486 24779
4625 5405 3135
15259 12072 8517
18597 9158 14000
3757 9847 16209
18942 10443 11900
17480 5964 10805
18162 11989 16121
4467 22049 1922
24357 19298 6550
719 10888 3323
8437 12024 6928
8140 4896 1029
22319 11531 15464
3532 19700 6639
16587 2432 16414
14011 18307 22186
6542 18974 15848
787 24542 21148
14853 7857 17890
9369 17877 20320
11771 19434 20563
3213 17295 11439
10391 23490 6281
17562 9973 6875
16047 1725 15870
21112 13680 18418
8278 7120 977
19669 24748 10192
24199 3313 23886
5794 16001 9983
15131 18967 7039
7086 3451 12107
11399 18352 10188
1901 21329 9369
7690 17633 7561
650 10729 3035
2529 8450 6521
14947 19649 13545
21292 18199 18375
13589 3130 1340
18652 10410 2767
10019 3408 425
16860 18231 1838
21790 13280 1977
24181 6971 561
8789 21265 17442
13400 11128 8201
1416 14801 9609
17271 11054 18978
16191 17551 6028
1494 18906 15885
22824 404 14686
12439 18720 6194
4200 19421 10186
19569 16726 12760
19907 20679 18020
21803 18733 21548
10507 3579 641
10380 17715 22407
8224 6113 10704
3938 22478 23004
14149 14307 4987
19174 1389 14443
23621 2282 1483
2082 16819 17477
5287 9003 8917
8060 23503 3445
13819 6672 9975
17813 6308 9067
11538 16066 21530
17673 16010 19478
10858 914 24511
11642 19322 21653
4019 10878 3134
12264 85 21465
12679 20585 20547
23553 9952 16343
6843 1605 3801
18333 11336 7308
19197 23242 15121
1913 16019 11939
22795 9538 13773
14490 4099 12256
9657 6714 21999
22112 9511 5868
18263 13903 23344
20745 236 9829
10586 22871 10345
6205 11753 1990
22327 11408 21911
23979 16849 3446
5251 616 15280
2272 18856 3592
11949 12923 991
8193 15490 1762
9867 19460 11090
474 18384 22537
12936 21047 11593
11904 12841 3548
9750 14884 9275
853 2855 21950
310 10209 1562
14904 15011 23647
10663 22482 1080
19062 3670 21709
7060 13972 24753
13300 3496 15493
22011 21359 22881
23782 21255 8386
980 10934 20813
17955 9987 17427
23412 1009 25058
17927 4199 25156
19400 7643 4192
540 23936 18786
5341 12147 8217
13803 19002 16170
4803 13341 19433
1363 24458 16813
8847 19164 18539
1345 21501 5801
1172 16874 5215
3496 2435 6016
20476 1992 24426
14157 5316 21979
17033 18646 994
10884 20422 723
8185 22770 6588
8959 21554 24671
10567 10618 2644
22995 23526 18470
24019 16252 4532
12501 15782 9762
18536 17164 25040
20249 11707 2991
20584 424 20007
12392 2038 3299
18730 14564 13894
20913 7423 167
9684 4503 8146
17202 10161 5139
8266 18268 10324
888 4419 7901
1631 11258 12407
9531 12891 11051
15622 15384 2419
21563 15173 21188
15801 17340 8403
11572 10723 17859
13967 5634 14593
2642 17599 456
1861 14007 4469
21037 14260 7777
12254 5604 24066
7035 24367 3639
10753 4790 12154
6829 10503 2078
19260 16617 1245
14135 1909 17582
1144 18519 4846
20649 7329 11613
1370 2247 5513
9381 2509 19480
2724 11105 20850
12953 7705 2031
22641 1428 19095
1275 13174 14474
10436 16574 10409
6188 22636 21210
8877 22434 21301
2612 1449 8648
3374 14398 20789
11021 10975 8879
9407 3255 24255
8539 1348 12981
7621 21388 20410
10911 20233 9281
6734 20655 13622
12195 1805 22090
2717 9187 24431
14698 23198 11137
17348 1235 2178
18199 14580 2388
5137 23846 20974
11799 7479 13325
23007 9276 11284
5461 2952 16576
11116 17928 10158
680 719 13479
21830 16102 7439
14524 8998 8042
14643 23957 22813
4196 20268 11759
6562 11014 17268
23295 15858 6211
21734 21958 11393
2094 12673 23120
21356 8738 23179
8374 5437 16920
11994 8471 6136
18867 21603 23438
21931 19098 24497
23358 7320 2994
15467 2948 13739
143 3244 10693
16866 18802 3162
11306 15597 8263
17791 5773 6234
17155 11493 9904
19599 9287 9021
16773 2317 12381
6156 10090 18316
20241 3564 18117
3238 24664 8437
13127 6140 20354
1164 18846 11351
22371 5926 3388
6773 18060 4931
10723 23650 22974
21667 15235 4090
22217 15956 11552
18762 7420 13195
14401 20029 4091
13428 4651 8610
13244 878 15570
8749 12236 4257
12018 14695 21246
14539 9174 24390
7313 19809 21758
6886 15628 22315
10264 13709 16234
13340 1059 20229
10199 15704 5396
2676 11166 21351
7347 5619 22478
22953 4773 23544
14446 20769 12514
2040 5700 15457
4148 6047 3813
8982 24409 9444
8752 11593 21670
6511 9437 19509
20691 7303 13134
16471 18440 14555
23158 12442 16999
18457 6455 5843
14918 7570 1003
17131 10864 11986
5384 23477 24164
15699 13879 4408
2514 10978 1039
20293 11462 857
11168 6499 14510
8913 3660 1694
9905 5065 12719
21766 4092 16384
12895 8988 12463
1249 3432 12920
18490 5477 16093
16010 19630 6374
21673 4870 6818
21861 17255 24853
15303 16208 10421
20303 10351 18673
21386 19926 15413
13253 23153 23574
1541 18172 24979
16320 6555 21561
6115 2380 23218
20818 4560 1958
14457 21577 5675
17823 22813 21022
11065 10382 7411
8715 8708 25109
20625 7602 6308
16946 9816 2848
33 11918 21163
5051 16759 4762
2575 19213 9327
18340 3227 9647
6411 18869 22852
20205 11584 21762
1095 24035 9414
20106 22200 6053
7579 2539 18643
4425 1099 7922
13011 17402 16248
4376 18698 5068
12750 18003 351
20097 2669 4571
13161 12104 11008
15068 2554 4475
20568 18174 12325
11142 7976 23235
12547 23431 5902
21371 2611 12065
16288 14155 20056
23683 18935 8352
19789 11954 1
20527 17671 20692
17522 20206 181
11276 3286 17618
6770 20602 6407
24444 6322 18741
12593 12572 13210
3681 5144 23065
11385 20663 13435
17114 12965 23993
21489 4273 13203
12460 23331 4518
18040 11481 24869
18049 7367 2586
19305 4632 9120
15067 20131 22160
17850 14924 24120
17617 5030 14413
22066 11860 19241
12644 6168 13100
3725 297 14027
9626 14216 19040
12096 12581 1011
8588 5386 21112
7874 1144 16831
10111 3930 21489
7248 20483 14196
4284 3994 8567
5088 23815 13808
9333 4137 11205
15783 801 5485
22870 24112 7513
321 11871 830
10896 14730 7074
20611 2900 13371
5549 15478 9946
7226 20730 22362
22873 2851 14791
15441 12545 23767
20140 18770 20744
12319 24332 12843
13443 6228 2169
8501 17679 20446
19966 10001 15206
8085 24789 2380
13494 6532 18152
1537 12718 13388
18209 24851 19989
18632 9195 2416
16120 15810 9685
6068 1768 13521
9819 1035 8304
24488 16944 2533
19849 2773 25193
22508 4154 6457
16461 21108 8590
8074 1875 5982
17306 14251 3052
19627 15565 10453
8232 14190 8060
21047 21178 6210
16989 6938 8361
23723 2024 5441
1710 7770 10177
19277 16401 9726
12656 12399 14018
23167 6363 19668
22531 8630 3632
16795 23568 532
11369 8707 24963
14553 15421 5168
7484 19108 6429
19735 6135 9841
19948 23740 214
115 16966 8400
6916 16313 13088
22414 8097 15939
22615 19383 8480
20308 5543 14078
7402 6588 17452
23450 10798 22576
5837 5341 3760
20385 22540 2127
3982 19073 19781
15365 9320 7751
6993 10536 19454
10305 5680 787
22144 12761 18551
24518 8026 7632
19032 8355 21607
23861 4009 15741
21991 2760 384
18400 5190 24630
9996 20918 2804
13855 22822 6319
14095 1645 19210
5565 4636 14187
21485 2362 13043
300 5244 10592
9517 2987 10326
10492 21139 20231
6162 9058 1609
23373 7502 19752
14919 15339 5942
9954 21714 17963
10017 3714 4963
17978 18551 2761
20979 24622 11855
15336 22341 4707
3804 14619 14145
2524 24244 21915
16353 3996 20647
6407 8055 14121
9755 204 6562
5946 11944 14753
23523 9393 19678
12984 18476 3758
10228 13449 19686
3116 21016 20469
23188 5701 8960
23959 19741 17333
17726 15086 22438
5728 258 20510
5535 22020 14091
14357 8932 2979
12177 17821 1413
370 21007 22640
17871 23177 24730
10976 167 9578
3436 15098 4859
18546 23031 18707
22137 5259 5257
10165 4697 23670
11857 13557 22915
7919 6185 18067
23226 24197 6616
4724 17505 21899
18495 15468 7185
2892 16690 3248
22991 19393 15388
16771 7342 24824
15400 21444 1436
6472 18986 19132
19777 22092 10117
2302 20870 8835
11213 3988 10952
927 7425 11787
12384 8841 23303
20482 10759 10588
2005 487 8509
15390 842 19260
1757 4977 18281
2441 1976 16697
6215 11550 14640
5450 12366 12945
8091 2497 21865
24576 11824 1728
8130 4901 18892
2748 17835 22962
3520 2861 16821
15221 21568 16424
6286 19388 3913
9702 11969 19526
3752 8794 6758
14185 24435 24599
8079 126 7484
13499 4986 24365
9161 11801 19000
18428 22704 8105
21910 6976 12394
14256 1832 3102
16253 22594 20910
23664 1475 31
317 18029 11000
446 10842 5259
9356 7021 2042
13786 20795 22226
1106 19278 17555
23952 20161 3660
17712 13054 5761
12198 10217 19917
18093 20867 17993
9762 14400 4610
10775 23685 18109
9175 23407 6722
15926 3806 9305
15168 19341 16306
15932 20214 15694
5500 9119 2292
15992 19658 22667
16429 21488 24292
23811 21817 12797
18691 8121 23607
11454 21952 10915
12019 2918 10247
12190 9795 12203
22830 4695 11811
21089 8156 7030
13176 6861 19156
18293 6891 52
3019 6669 735
3270 2031 23933
22917 8961 14173
14257 7162 1478
23072 17363 260
9439 23132 22447
21248 11295 17559
7782 20547 9224
12367 4731 13981
18226 13722 18868
20914 16533 4365
5979 2472 19634
18974 18239 24336
20309 20649 5333
12919 15694 21417
8010 15367 17822
13920 2499 4447
21698 8373 4766
17898 9691 24009
23342 21407 16784
16833 12203 6887
1221 22414 22604
821 5464 14372
204 10570 5661
4989 8343 15094
24558 1747 18130
16563 21986 19828
21592 19819 2607
1833 3568 7402
13330 7672 10535
8287 13205 18274
10528 10307 4241
3009 3814 7491
8420 13875 7529
21003 21209 11511
8080 8413 20363
15212 22267 1872
6952 15111 16036
20847 3448 3125
13198 13876 7572
15738 24692 7816
17798 20444 1554
22190 7102 24152
7849 22077 12596
8623 16674 24934
4236 7941 17382
22500 23590 9966
6973 16628 11694
4593 4159 17247
7537 19296 2550
13557 13111 2720
24139 20502 15654
21468 11396 13924
10144 8964 13851
7470 3118 23007
1796 8192 17201
6050 17898 24071
6795 22361 13756
2405 10720 15318
3403 11679 23977
20007 14377 24457
309 3489 7210
1502 21782 1206
12130 8515 15535
21208 2154 5437
18482 7589 10109
21799 22632 15996
5030 10654 10288
9295 5220 20117
15096 10616 5702
12863 5779 18897
7160 7973 5063
16400 3758 4313
13713 10701 6115
19893 14370 303
12877 521 18823
21520 10068 4084
1917 6870 11737
3027 4144 10463
21203 14983 18557
5698 16960 10205
15573 11961 14234
23573 13734 10834
16622 965 25061
20954 18443 20705
19099 18517 8176
24116 2162 9152
1828 4539 2705
12525 16148 13705
8022 8211 21781
748 20306 24591
6109 14086 17472
20350 19960 13280
17969 16332 1907
10331 11508 18319
11465 23289 18368
9217 20339 5296
491 14844 21401
10085 2566 6958
7965 655 24676
612 6086 15370
7215 14777 17068
13871 11032 24922
4949 13124 20853
15099 2805 19597
17494 16492 8728
4956 16796 7148
12657 12310 12052
15963 6421 22498
6410 4838 5746
18001 23628 20691
16078 20838 16715
12340 9766 3723
11505 11437 1820
1309 16712 24049
10241 7546 21292
820 7114 1861
5993 3950 15766
9580 3217 25015
19019 8168 8049
3999 19990 23276
14339 10476 24679
18922 1203 1653
3618 22130 4362
3704 2646 6075
10495 18024 5464
7027 10064 21986
7176 1336 9871
8554 17027 11990
18106 3844 11547
4831 9938 2445
18385 21206 20630
17412 18529 20019
15666 18102 7815
18129 12869 20184
14806 5842 18944
5872 8642 19691
24247 8175 17733
5402 8562 13173
190 22515 22789
23826 1688 17632
20460 19051 22595
16483 7181 16935
11506 7088 12182
17079 19507 22501
602 23653 8884
11413 13586 470
22462 22934 20591
3479 3288 3204
21368 1523 23541
21618 9167 17305
13370 22388 19873
23503 11641 22247
5750 7948 17776
20577 21084 24689
2347 3027 1162
17243 13917 14857
24313 13503 17912
2182 3715 8418
4860 22976 5101
2832 18882 11471
19433 9078 8767
5452 10002 4659
17378 2706 1756
19523 15913 22114
7680 4175 19283
6762 24493 13785
4690 5733 5580
11767 17204 12104
3179 12395 13664
1511 23356 22713
7697 9623 15027
4929 7062 11326
15946 16243 7206
15817 4589 10748
11863 24248 9487
9997 5651 21822
16534 15255 8748
4858 20700 9251
21457 3181 16235
8100 12105 6553
9264 20106 409
13151 23591 19559
7753 17962 2269
19103 9227 20105
23745 13847 3113
2961 3891 876
6429 9576 19426
15906 19901 14302
9315 19958 23390
1020 5522 18534
13264 22219 20457
72 14760 23480
7480 2328 143
15164 11520 3070
14212 16525 16749
14053 3538 8124
1669 13300 10871
1599 9354 16335
15977 19868 7357
13600 5275 16463
4880 8608 2225
20417 14077 9307
16685 21856 895
14298 2577 18518
20441 15159 16657
7112 24069 10811
23068 3527 13295
19509 3605 10374
18515 5571 24222
4641 17061 18627
21404 14516 17101
7863 13100 17562
23298 3195 4373
4763 8014 24247
