5089
2560 4364 3291
743 4979 2184
237 2651 3678
2332 3469 2968
4545 4056 57
2733 1392 2810
4152 1764 38
135 482 1840
3969 4252 3674
2863 1337 3782
3536 1856 1797
2877 3891 1253
4755 4993 3944
3125 4592 3290
2437 4253 588
2778 3329 1892
2306 3080 683
1221 204 635
4018 3115 1925
3738 470 542
721 2189 1209
32 2970 4049
3555 1787 2778
3693 2437 4065
789 3409 2844
3305 2349 2203
4479 2947 2767
4397 3435 147
2046 2725 1793
4276 697 4877
1589 4282 823
4998 1489 4156
1252 3939 3704
2774 2240 2666
1085 3185 1558
3374 3594 2568
1404 5025 202
3309 1950 658
1574 1547 3845
853 3336 166
3903 1636 3145
4932 3191 2913
494 3752 1530
1818 755 4036
838 4211 1
2943 342 4276
5004 555 2785
582 2080 2632
1246 2509 1332
4881 86 873
4123 3370 2739
2665 954 1020
3195 602 212
465 2244 1054
4743 4755 1273
2631 2701 407
557 1090 3034
4363 4670 1881
66 1434 1148
2031 1997 1978
1289 2061 722
1065 4322 2123
5033 1537 108
4913 4934 1739
4178 4070 4353
3819 1585 207
4555 4205 2242
1690 1825 3030
910 1732 718
216 3631 4607
3447 4637 465
3197 1889 2837
417 4034 2607
4200 3826 3619
1348 250 4501
1523 1983 912
420 3316 2335
1840 4807 750
970 45 4084
3329 4136 4691
3657 3830 1755
2112 3800 2822
2696 565 1482
1020 2464 4326
1371 511 4475
2370 1213 2736
1672 3041 1465
4302 3590 2047
3592 5080 2130
4266 2415 1645
928 2592 1695
1136 276 2013
4412 2026 2692
1207 4771 759
4076 4466 3553
3875 2275 1605
4426 4887 3358
1303 2338 3758
4788 347 3988
4082 4852 3079
4475 3546 4542
3003 3308 4815
2846 1135 3649
3419 4712 1997
2286 4044 1362
2743 4588 3832
4497 4925 955
1683 2197 1763
3262 397 3589
4829 4402 4766
2208 1353 3038
1285 1289 3247
2418 1210 280
1965 2907 4705
3785 1935 463
4223 4119 4736
4585 3986 559
4847 298 2998
1173 1763 1608
1786 2774 3526
3191 1624 3276
2172 3368 4632
4635 3234 3116
2237 2365 4220
2977 3128 2370
1474 3604 3223
2352 405 2878
3516 3671 4136
4508 4930 3109
4046 4458 1888
2083 4446 1294
435 908 2448
4250 3162 4856
2960 1006 4660
4661 3717 1153
3432 680 1952
4442 993 2266
2460 2824 971
3475 884 380
369 445 729
1086 1357 4055
3014 1170 3188
2856 3478 4730
4660 4461 2401
2821 3878 528
115 1573 1940
180 1456 4436
3437 4667 3447
884 3504 1069
2156 2995 4237
325 160 157
4921 2612 504
278 3432 2915
0 4434 4232
632 3796 4203
1635 2154 1715
1334 4946 4508
4680 1263 4879
1027 3139 1256
3845 2123 2108
4977 2291 1907
2899 4558 1195
1865 1331 3490
4344 4512 4590
570 1693 413
2489 1055 2713
4712 1295 3227
98 675 2719
4587 1652 2924
1909 1596 2084
1431 2548 815
2961 290 775
3033 99 3713
1736 3279 58
2537 4 2041
3080 2477 1418
3526 640 3388
2725 136 4514
5082 1953 160
1527 2196 3895
3166 5054 894
3601 2843 2315
3551 805 2526
537 2875 1107
3919 4164 3410
230 4435 3737
3625 2447 1208
1916 1001 3085
4216 198 2138
4095 877 1407
656 737 233
704 3840 801
1994 3664 4599
3217 903 2491
2861 2169 4117
2601 4302 4402
1343 359 3411
4372 2071 2366
3780 743 3323
2078 854 330
