1345
116 915 884
244 776 1134
520 1001 476
737 153 318
1282 640 568
202 474 412
608 875 657
23 1009 1090
163 1192 73
300 1052 247
1141 248 652
607 109 1081
614 501 1246
889 1027 738
699 828 280
412 215 373
259 707 1031
456 596 1262
1317 695 109
340 80 1278
1180 1135 843
484 545 1184
387 1175 958
1092 272 802
1209 731 898
1023 669 769
984 809 1308
1231 403 130
883 1087 560
912 43 356
945 889 1250
921 183 204
874 937 176
123 1123 674
469 1004 1
557 385 614
466 643 23
1205 812 1043
809 807 1268
381 181 967
1265 733 602
878 353 1212
948 1201 632
852 566 432
69 958 919
371 186 623
426 456 1287
1071 319 515
345 661 693
660 1147 981
