19639
4897 18351 5965
8035 8014 8848
12873 12937 8622
6243 2809 10849
11679 3233 18379
15897 2282 14704
15918 15888 13510
8905 7663 1570
6070 6520 3742
14856 7326 14270
7986 18855 4821
12343 9633 9979
17354 8507 5077
1679 13813 3921
5980 15555 8927
8478 974 18273
4017 10652 15117
15374 32 4349
396 10345 3034
4806 11156 2091
520 11222 1535
5207 6277 4506
9547 1130 13134
10627 10243 11541
10651 7155 13680
1128 3194 13224
9805 1113 11295
7443 8589 10417
13873 11902 3344
12105 1688 1960
627 1064 5496
14244 4187 5546
11333 3821 1465
17106 15299 1736
18543 12344 16482
4872 12291 13481
10016 15812 3592
18113 12864 10112
14764 13837 18985
19459 11901 19278
6598 11541 7134
18507 4813 10721
10300 11962 12441
8822 1770 3940
9232 8299 17436
3971 5941 6242
7243 9595 17941
1068 3236 15020
9903 5295 15052
16712 15636 17191
9667 8857 11041
18937 1515 11919
3043 7738 15701
12473 12157 12300
2291 14687 9087
10902 4497 9606
13574 4843 1918
2152 159 12906
6814 7164 18777
15259 14227 6549
2783 11389 639
14703 2248 7724
5930 3607 14938
9215 14664 9882
961 13676 2938
10583 2154 17407
17453 12329 9296
8772 10640 9217
4332 5278 9966
8007 18296 3188
15510 4326 13205
11849 11496 18490
12297 1386 3728
18886 782 6997
5595 1879 6936
6591 7564 17381
252 13868 14767
16262 17541 4457
8895 10897 11998
2147 11686 16375
4906 7003 2968
13662 13931 17106
7091 16923 17579
10518 1067 10697
7299 324 5238
10347 1708 10201
1471 14515 19458
5491 17858 6173
11141 17619 8136
9177 8067 3295
5499 12047 11686
18288 13174 9935
1479 3149 7940
2440 407 7392
16965 3112 8564
17570 12183 811
8313 5590 18249
10444 862 1873
10564 8560 5627
15960 13495 9366
10709 17508 495
12621 562 13334
116 6746 8329
16095 10819 7768
6465 12095 15716
13356 13296 12532
14038 14280 18797
11592 16884 15389
18563 248 12486
11899 14465 5358
16454 1454 12198
18545 5876 7219
473 11165 8800
15079 18116 13162
4564 14731 5486
13649 2041 847
9631 17749 8542
4432 10480 3292
12532 18898 16098
3544 15046 1836
4362 4651 1630
15455 5231 8380
11627 13340 3621
2927 15682 15059
5771 12488 6556
16292 10855 2633
17493 14522 9092
16076 4590 2639
6099 3991 10570
19408 17293 14280
18138 17928 2379
12692 8386 363
11941 14202 3528
1087 15139 2217
14588 3047 16131
3624 11186 6642
18496 14463 16584
13956 14268 7344
1176 4923 15888
16855 10562 7606
16892 13323 9738
9412 12825 9513
11605 11961 15665
15196 7787 10422
6446 16430 17003
3926 14775 7226
14832 7299 12859
11485 17571 16781
425 5795 8164
4412 11102 10670
9313 15914 12226
10829 11533 4563
980 13634 6884
14952 13591 3427
2061 12264 6788
10037 1944 5721
9753 60 268
8632 5095 7806
9565 11280 16509
11681 4830 9785
13734 3392 14141
12739 6889 3506
17641 7618 2782
16230 6940 16847
17080 10102 13279
19271 8978 11746
9418 6700 2140
15711 18063 18036
5342 3628 11348
1994 5217 16110
2484 14951 65
13756 18713 978
3447 14336 1068
4468 10738 18151
737 17922 17977
14278 2013 549
19002 3680 5774
11831 11710 4132
5775 18967 11107
1863 16453 14003
13397 4374 15787
12440 3754 19457
5475 12668 14666
803 2670 4913
5812 12 3874
17922 4725 6415
18133 10017 2387
16805 11949 3999
2814 9199 897
18340 5332 18951
11001 6756 1485
13236 887 16793
8495 16014 19392
13171 12857 605
18063 2565 2611
11912 8927 1580
13815 17788 13460
48 14403 12911
4673 236 771
17832 1487 1114
15636 3300 9663
10488 16169 8598
8996 1134 18868
19216 5561 2431
19418 1670 1422
796 14290 18235
9518 9626 428
2810 13093 7261
12436 14738 18338
11047 16882 6528
13050 17987 11410
16465 4511 13272
1583 4961 4162
4164 7511 16858
197 12377 24
10746 937 16240
14782 3039 14508
18839 1834 9704
1161 15663 14591
4758 839 7438
14597 828 11920
17310 10896 17109
3116 4882 9134
15605 18621 7797
8083 7388 3366
5633 7480 2165
4283 14355 19425
7755 9486 17017
7352 3674 12602
19339 17158 3406
17472 12185 11365
3406 5965 10866
4080 4829 16963
11191 13937 10251
13275 14426 7288
9933 15970 923
10105 70 7177
10070 15222 6520
18297 8467 15843
16130 11870 12817
12477 533 18646
18100 14032 16675
11763 4780 18091
14579 2074 8266
18726 17660 17509
8909 9977 18512
8860 11240 12714
10196 1207 12124
15514 7423 16288
1267 17401 17690
17410 16165 11619
1526 9785 18559
6957 6346 19156
755 18402 3549
16341 14358 6192
2971 1625 8651
1944 19020 19079
13962 1896 12790
11284 13203 334
19068 9237 3941
11170 15697 2752
12957 2224 386
6427 4206 2944
6378 14300 8362
10211 12454 18647
5002 2582 8883
7210 15379 10799
17658 5360 17206
18374 13075 4645
7095 9913 15293
2785 12189 1177
5730 880 1966
18761 18092 9250
15815 8028 3781
9831 6948 8330
17876 9276 2824
16698 9893 11857
10576 9693 8156
714 13139 12584
19256 6437 10933
17611 19234 195
2733 2412 409
2025 14806 17096
26 6241 19493
17535 5285 16383
3547 8027 18603
6279 9088 17477
4191 2501 236
7787 15869 17284
4516 11356 17805
9074 2111 14883
19252 19210 2902
13506 3827 2202
2425 8352 18715
9200 7928 4912
8653 14433 6305
3276 19097 10661
3494 1036 7449
14375 4608 8506
16142 6625 1688
12828 9047 14985
5861 5036 7876
16173 9169 10453
17526 18974 10619
4240 1420 10107
304 6200 14454
2388 18931 18294
1671 4900 15598
5000 13944 8646
5415 8645 959
16128 17950 8884
11095 16736 15474
18614 9107 10716
10647 17706 4372
17981 8146 7477
5386 994 15851
9455 14425 6654
6563 17424 11206
7921 8525 18121
3796 18551 14643
15112 6857 14815
17726 10161 5879
17763 6540 1336
12852 18515 8087
2672 11077 10401
1250 7978 7783
13434 4103 11451
18796 14923 9141
13618 9336 12684
7221 17103 2703
7920 19281 10615
8940 1417 7090
14433 7860 17348
7635 17219 8897
1688 10203 15426
1606 2070 2296
5937 7594 13145
16577 16550 2674
8526 15732 4771
12920 11485 19397
13203 13197 13844
15536 4946 14409
15606 17938 14920
11703 3566 2334
17258 18179 11824
7138 753 5847
19038 12850 11883
2270 8786 9453
3525 17351 12055
16623 708 14062
338 4730 10886
19155 18233 17042
17689 4999 13925
3249 6628 19261
10431 12001 15276
1214 4292 4219
4705 16240 15104
5118 8036 11246
941 13102 17985
7333 2454 17740
6651 1296 3303
7711 13450 8687
15776 9704 12562
3681 7445 6479
4686 14637 10483
11422 17251 6982
17710 14666 13042
5215 13771 6056
7936 2899 7039
18486 6088 17935
5072 626 10193
3416 12114 18283
18935 10454 16690
12135 16959 17981
6056 11319 16943
5950 9501 7841
10982 12986 994
8390 17898 9166
11070 16709 13420
12594 5995 9587
4867 12751 16558
8445 16826 15502
17892 5493 5718
6230 14224 18022
2212 6677 14334
19298 9325 8302
15774 1340 14372
9588 7064 17151
6585 16516 17065
10180 14112 1468
17717 8785 19048
6977 3274 19065
3810 2536 19476
7235 16984 733
5103 15341 13155
14488 6296 6524
14368 15004 4860
14949 5350 17751
8646 19173 12691
8932 6811 12645
5298 19112 16209
15244 18591 8021
17009 17481 4298
12781 6561 5315
4943 15764 14569
3832 2221 3224
5543 4407 14732
1634 2303 5912
9041 1167 3445
2054 12422 3845
18382 1628 3166
8433 18297 8756
15496 471 17783
10668 10369 9743
7402 3996 16799
18139 12236 19414
11538 5667 8997
18228 12923 1537
2134 16968 133
12393 3823 15873
12985 17033 5788
19277 4294 16707
7744 19055 9548
17786 9382 4283
13798 14431 1813
17172 2215 5246
587 10812 12617
2797 3547 15771
11104 16294 19257
2251 3486 779
8231 9262 8150
3751 10131 7977
2837 6022 14640
13543 7353 12998
10587 8745 1245
11190 6315 1999
8191 1630 19292
12618 5533 6367
8582 16804 15856
10593 16407 4608
11714 9253 16274
6881 1719 13744
7509 5501 17832
10051 4750 7040
3160 18433 18562
13475 274 6342
2599 8901 6597
8728 10145 787
553 15266 5868
11377 18391 12102
5803 7704 5831
5734 13723 122
2720 11662 10050
6573 11380 190
7160 12791 7527
15729 8249 4255
13314 14877 16437
13823 14653 3336
5632 5761 19301
7102 2424 9445
7616 5570 19361
14152 3157 3913
15572 16834 7577
8184 6043 9403
16757 12703 15564
6850 2653 11574
1366 10533 3763
2033 19123 13889
10336 8024 4341
14536 1342 6325
11784 1040 4669
18030 8799 4857
3167 14724 3005
8255 18490 11961
17007 1729 5483
12179 3036 1794
2866 1742 13373
4854 17179 2861
14100 3343 6578
1004 5406 11340
15218 4556 4232
2533 16501 10294
7281 1652 5113
9470 17054 12344
7492 7977 19112
18751 14978 5405
6831 16758 12252
4621 5712 6930
4747 2705 665
265 10946 15342
10132 1892 16911
1539 15921 5575
13700 15063 2571
14143 2970 11504
15013 1255 14286
11624 12531 1781
14596 15330 7592
11924 6897 447
5454 3947 16363
7976 3707 19348
11547 4084 18003
355 1545 6824
1902 16079 1020
11492 14135 13847
11594 11432 18214
18142 12625 18431
14445 5339 16768
3045 16624 11703
4963 6955 17609
3597 15510 12758
6779 3440 8230
17279 14635 17242
2179 2935 1351
5073 14324 4659
9980 11709 8461
6315 16371 13715
9737 10297 10561
4651 10749 4909
18418 9418 13678
14741 7079 8421
16801 15775 11152
3340 11756 2060
5890 7537 14223
960 2072 6829
12210 3136 4198
14720 482 5189
17968 5608 4042
16822 2622 4510
16941 11036 18405
13031 6154 5743
15345 14156 11777
14184 6589 13975
13911 5294 8959
6618 16716 13547
7723 17308 680
9355 18879 15173
12829 14822 19538
11986 13710 6839
3044 16577 103
3360 14061 12048
2999 8585 17276
8505 8712 10997
15049 520 6717
9158 16397 19216
10235 9830 18250
18762 191 240
18921 2786 17966
17908 16701 16629
4579 14611 18902
17220 6878 12777
6513 3520 12956
6908 7786 3801
7828 16699 19608
12127 5093 6413
18969 10937 1733
1394 10989 17700
936 8111 17325
15791 6789 11459
14643 13524 10788
3878 15401 8994
17150 6130 12425
17676 8809 15721
6140 9328 1607
3991 6816 17537
11916 16085 15570
12284 19145 5935
5169 11758 18675
9689 5451 3717
2581 5633 6817
5688 5260 17654
3012 5435 17630
18685 13574 7140
12248 561 9465
12544 3998 8710
19135 10095 690
17699 10593 15641
2878 4914 4837
888 17435 2253
3213 16663 14526
15178 13238 13071
209 7026 10007
15160 8343 1276
12639 18136 17283
4133 17808 4066
2094 13582 509
2642 11251 18243
514 11064 6701
3657 8306 11618
7870 14563 2454
12020 15720 15190
1603 3997 6019
952 403 6918
3716 1698 9451
1314 5061 15968
9438 9309 7111
6503 3862 5448
12663 655 1861
18186 14864 2026
4128 16274 13268
8474 18028 12147
3432 13312 7247
8984 2850 11667
17056 16130 5984
11861 7868 7103
14183 4134 13642
5170 11474 2491
14386 2175 8384
16681 518 16006
14657 8676 14208
18226 11783 7254
5723 16332 568
10553 16046 16327
11658 18470 7638
4125 18921 15157
800 10762 12905
2355 13295 6994
1482 11175 3271
10913 8189 7303
16195 18692 18456
11797 15480 17419
11440 17529 608
6669 674 5851
14471 4150 10147
14197 3805 11709
8428 15716 4770
2552 3497 15862
19111 14963 0
5259 18252 14488
6922 8218 15545
18020 18190 5288
844 3081 9334
14883 12290 3525
15981 9945 6160
16483 13698 14844
18985 15182 16422
3229 7968 2106
4044 18328 2873
5143 6449 8066
9276 18658 164
13061 11206 11165
18880 10157 18790
13254 3472 10383
11241 6391 6764
2306 10055 4431
13999 7240 12488
16026 11113 18842
11857 13420 17425
16642 9018 9873
14114 18805 17861
7027 13264 7424
1737 5843 5601
7152 15281 1274
12492 2262 100
15672 10581 19328
10788 4243 10739
8693 15384 5674
9795 11582 6439
5545 109 1308
18452 13917 14197
11399 5920 4711
1974 1796 13625
12070 1441 2541
5301 14014 9652
10184 9681 4749
14575 5758 17997
9872 13010 10336
13143 7120 13313
3314 5903 15290
18652 9879 4086
9372 18762 13666
7582 17719 9900
10250 16725 7682
19386 9622 13780
7543 5142 11255
16381 7816 9086
15417 10483 10075
19372 13031 19559
3843 12892 16756
15222 13761 5259
9945 10991 13590
12228 11621 15236
6581 9123 1373
1817 8968 13735
9116 6472 18759
16422 10072 18061
8665 10367 13819
3086 14245 16890
18589 15588 14148
8264 9532 6963
12644 4108 14108
17861 14365 15822
8361 8029 1671
19119 2368 10530
1436 18363 13439
5884 18601 3404
68 11379 3671
8167 17101 13116
15002 17168 3960
18241 3012 19186
1717 4448 13353
7028 9762 9045
17402 11804 3473
14328 10419 5737
10867 44 18814
1346 14502 12656
10506 9748 17888
5050 18736 18191
7621 16198 10433
5850 6209 4405
14073 7282 16051
12861 12071 14017
15243 10256 4523
200 7118 5139
10937 14108 1641
14544 3207 15932
10386 442 13430
12471 1981 1139
15598 1154 13053
14134 19289 18664
10909 8610 3896
5039 9553 11599
16196 3900 6077
13099 5357 3230
1774 14588 16176
11133 2886 312
17145 10183 14772
8570 10700 4948
6735 357 11074
155 4214 464
11505 12576 7909
6190 12737 9660
6693 3825 4127
7674 11111 3079
12420 587 3558
400 14043 12391
6023 17120 5064
9656 3772 16696
12843 7886 6282
6356 366 1214
15305 13386 681
7309 15094 17600
11697 15861 6359
12973 2349 4995
17195 4692 3634
5676 11373 3125
15861 13171 19013
14917 8432 16360
13538 5181 1405
1158 9457 12193
19171 11942 5042
673 13983 10831
18912 4035 9173
7220 7084 9835
1028 11830 7052
7057 7203 10952
6975 2738 10293
8921 1590 8195
7927 5135 6115
8133 15436 353
