25202
3794 1945 17101
18673 17976 8415
15912 6093 5921
18557 15927 22478
11295 20812 19912
13256 18348 3959
15259 5309 17131
24995 23444 22688
5605 17025 18134
16974 4283 14087
13859 19464 994
11493 8553 23697
9518 6272 7165
4278 9096 23033
13233 18924 23804
22400 15824 9286
11892 20830 6819
1066 17441 14022
1335 3877 2471
2702 10379 77
4979 11598 15082
15844 12196 10506
10277 1345 11539
11767 13498 16884
24039 15843 9013
12614 11940 20728
15497 20100 7983
1049 11720 8334
15781 6451 23107
10159 21655 13407
9281 11738 1870
1402 3184 24658
57 24365 8322
6825 11372 23208
21860 18030 11678
11100 11541 19012
18763 5915 897
5735 6676 6998
17720 8140 3942
23196 17522 13527
7739 23128 19815
16544 8477 9974
20304 8871 14433
1832 22272 2097
23313 7560 11676
17870 12048 16669
19118 4381 8539
1437 24511 10850
24782 20740 18019
17937 14180 19219
4686 18520 3857
13587 14353 5748
6246 7643 5369
23592 4302 5482
10528 13417 18957
17019 13912 9791
1583 1408 7667
19080 20266 1872
12066 17965 9680
21068 23267 7195
13635 4459 20594
21390 10366 6288
4650 16585 11499
12231 20433 16309
12929 17826 13952
20998 10608 13858
17264 8252 6127
16460 19602 1424
16168 12423 15974
18183 14924 9529
9348 2264 2177
15585 8515 11182
16631 2764 11977
12567 20681 13260
10205 939 11344
6261 19012 21416
9141 11336 0
7347 11482 20892
6945 13107 6259
4023 18364 19723
5374 4161 10088
15870 16164 23573
11999 4549 22546
24850 7496 640
16765 14324 5169
13473 12282 4319
13154 11268 9069
24013 16013 346
19401 10839 25130
1537 8191 7319
19225 20823 22090
23019 4184 22817
18874 20583 16619
8835 19171 17768
2130 5735 21559
7777 13234 21848
6057 13505 4437
20919 15180 2921
6751 17349 3145
7259 5151 5275
25066 11774 21100
12716 10540 13219
7479 21323 14649
7066 23524 19852
8587 24400 6216
8814 15408 13003
4158 9263 23622
5950 20904 16565
2121 12878 17516
23407 14348 4007
24117 233 14840
5661 16462 238
7887 9685 24746
9285 19106 6080
6808 5868 8551
24068 16965 14189
3819 6961 12583
5912 834 21510
21359 19854 9653
16809 20201 12077
9230 21566 1151
7692 8539 19350
1533 199 18061
23574 12322 483
7992 1393 18846
8677 18610 20446
23246 21704 4455
2645 8954 12156
14508 24884 12778
2324 2821 21660
19936 2163 480
2478 23999 5714
11721 12230 2998
12028 14174 16462
7380 16061 20418
21024 3109 9755
9946 10170 21329
11586 19251 19677
8663 23770 19659
20393 11913 20975
24856 16746 14868
14209 7003 12367
11214 15499 9464
6607 21969 21141
9210 18702 23488
22972 23946 19121
14613 23516 1759
3544 21419 13588
24384 20560 22123
17439 4102 13445
19898 19831 1923
13917 13027 3707
17733 10859 21790
22887 22842 20502
10332 2658 23338
13696 1950 17713
22900 19732 8761
1378 564 22738
20777 20610 3300
7431 13541 7210
21714 3033 20758
3765 22091 11715
19327 15246 18503
24156 18672 5541
15397 1055 13649
7542 20287 19062
7564 20408 20279
7948 14580 23783
16332 7862 1397
1407 3679 19843
5183 6144 25094
24549 6653 12822
15728 18014 13688
10463 5566 623
21243 7028 9138
8788 4077 14130
7171 8689 5183
6403 16632 16950
18712 13667 12025
7031 18301 4403
21354 5174 21319
8905 3546 19948
2757 6655 10927
13978 6190 18187
6708 10120 8670
4141 23895 10304
23631 12843 14239
9935 12750 11092
10935 22235 10471
19707 18445 6794
21944 592 16458
14023 11011 10941
21644 17845 932
21428 14660 5128
22080 6326 24369
15693 4348 17334
24656 23223 9271
18956 7752 21064
23363 18471 24024
2139 21290 17808
14656 18792 12199
20967 9613 12224
10213 11182 19147
7606 15841 4637
219 2303 24122
9333 3145 20312
22613 21713 10661
13951 19747 10053
5563 9423 1106
10388 6783 20530
22532 4027 7012
1420 20637 4567
3226 22885 4799
12000 8326 7617
16862 16840 21568
17293 17829 21933
20840 7189 18321
8711 7086 3705
3012 10192 13906
6473 18723 24344
9085 1982 7547
7775 1657 10335
16707 1185 15293
20961 10127 12869
3915 12886 5053
13575 20869 18469
15234 4997 8722
328 24379 21501
5573 23701 9107
9800 12685 2673
11831 3475 11248
4261 8163 6357
11266 2627 12742
20444 4874 9524
8662 24048 23347
21503 10272 11048
210 17257 4595
13199 12247 19718
22111 19947 8053
15140 12070 16833
9056 10448 20178
20051 14043 9191
13977 398 1551
4272 21629 3641
3856 15262 2606
7977 17210 18282
14090 24491 11386
16739 9113 17591
14829 18590 7076
14098 14488 8295
7299 10242 16010
23420 20110 8194
19803 21067 24471
10304 23587 12686
18296 16578 711
25015 14784 3207
17969 8992 12383
23499 18189 10567
10005 4068 7258
5708 16859 22684
9160 13865 12455
10089 354 13857
15701 14026 22295
1915 3117 132
1772 17977 8849
3131 4614 7120
12607 20300 300
3154 22410 13841
24833 8700 6169
11605 2438 23648
20503 21400 6857
3911 5194 11939
2884 19154 6383
8455 12335 19045
628 3961 21702
23192 20725 1632
19402 10854 3893
17658 11047 15247
15612 9163 13244
7825 12817 24554
22640 5513 1362
13090 13567 4705
17085 1720 11892
2129 2924 4858
20021 5373 14056
20690 2641 4199
6782 19085 12964
14268 21239 10498
3955 7272 22552
9604 14925 17465
15467 18804 9424
13513 13747 3110
10071 526 6465
2711 18238 17669
2573 17988 23515
5430 15507 9884
3976 11173 1267
23546 19206 17313
1304 4035 7199
10500 6784 23183
8184 4551 23047
19890 11842 15817
19176 6198 12272
16420 22112 5018
16099 15548 3398
15218 2692 11657
14775 10710 20187
11290 6360 20790
12274 6619 22999
8339 21108 1802
24020 9300 2628
4581 14864 3227
8376 22721 11860
12184 2053 22205
21164 16450 9900
1687 16280 18161
3778 18800 7962
22369 710 23072
8424 9953 17835
15340 8020 4299
7855 1281 10094
11750 6723 12523
14316 6396 11975
20413 7931 354
3039 10781 16087
23788 24698 7871
10565 18559 1090
1291 7157 2881
2315 10698 16292
4804 2480 10720
148 15810 15772
9797 22064 20130
11004 13155 123
9778 16017 678
12905 4225 5092
22804 7902 10265
8017 16925 16713
8544 19647 20665
573 861 19502
6867 10304 20248
4333 21883 8057
11519 5397 1568
23046 16736 19452
24285 22318 15652
643 3195 381
21097 9028 14943
3257 15167 1338
12120 2091 22685
19554 858 2136
20262 13815 17345
5253 12798 16177
22069 19993 22953
99 8867 5304
1933 19320 2267
12344 6058 23449
395 12540 18723
3695 5941 6000
6546 2796 13524
1932 16238 10218
21483 6833 21651
12971 21477 6691
5999 3085 14398
9382 11219 11063
455 6960 2421
18464 2327 24743
23809 18134 25146
2281 3566 13055
20088 11421 4691
16496 10468 21396
22154 19386 2417
19688 9276 24909
24575 5246 15496
880 21908 18850
24741 6417 10363
2119 3338 18634
1486 23090 10395
15188 24708 17026
3694 14124 13811
7010 11697 3511
19856 7598 18393
12713 16785 8156
4623 1726 9336
19639 23812 6485
10131 11912 2426
24809 21014 3373
20560 15677 2856
9680 14101 16725
19448 14406 25029
4428 22633 19769
24620 22969 17076
23318 5033 14930
2164 24126 24072
1223 18946 11320
15443 6117 12614
8312 7537 24566
24660 3390 2689
12649 4943 12319
20409 17927 19267
10416 11092 6567
17623 2253 16791
18705 24478 22517
7424 20162 315
2412 21780 10966
4851 16889 24245
17601 24206 3195
3643 17558 3065
16868 12869 21017
561 23696 20681
8500 24480 7376
22581 2820 17699
4864 1251 2805
22449 10475 461
11191 13371 14171
994 10691 8737
15089 20684 24392
2455 4108 9367
189 5999 15932
25012 16411 2968
23449 21589 14498
23714 10801 2751
6620 3219 22239
16667 21718 1202
10075 5613 24679
2434 23899 21190
6497 15780 15030
19150 15983 15092
17481 8510 6759
1894 6796 4037
10943 5234 531
23943 22725 9263
23385 6232 4046
3728 7120 3597
17768 4830 2037
4901 24203 9705
14167 6061 11255
2681 1061 12484
16237 2205 13166
19430 4836 5962
4122 13345 3689
10741 82 20766
17224 9815 24882
23058 3403 20270
4436 908 12636
18823 13467 7386
18984 21508 14483
21091 1139 13552
1700 11134 3176
5806 24851 23408
24391 23821 16136
21547 19613 403
8943 23441 18606
10349 21938 15679
13610 15336 7782
20746 20677 19604
24475 15308 23825
1878 7664 14161
24667 20142 22120
2069 2974 20837
22041 396 8351
5290 13879 2644
848 1423 24939
22305 309 5650
24702 1738 21485
11990 9191 15539
8060 24773 22025
20219 10493 5448
17797 5065 8979
11803 4638 7763
6076 788 22317
14396 12383 4152
18148 12599 10179
1017 14277 17966
14878 16499 2553
6179 5096 4943
16892 255 5781
14088 918 7451
6300 12649 7183
6252 4721 279
2892 22376 10821
3677 8948 18436
11193 1358 19967
11545 1017 12721
21784 24239 22585
10909 3130 17750
8615 3647 21142
8756 19797 681
7086 5544 3335
6489 19817 5463
10339 17776 11136
23164 2608 4879
4138 15594 5447
811 14898 9942
5398 7441 3411
3015 23871 13970
5102 18743 7497
15366 12928 18556
20174 22247 21029
24330 5843 16287
9875 11795 12391
18762 17470 2707
16293 22166 16764
17899 6521 5497
24205 13075 3482
10618 16021 9173
21908 9771 10003
22672 23417 3488
394 5704 5226
11366 8699 21283
10345 6980 10924
19295 6471 6919
16366 2890 24521
6389 10579 10658
24932 18971 14807
515 298 12127
11192 11698 14354
22022 1513 13150
5525 19898 3931
9144 8641 24408
14692 5766 18675
22664 7323 21014
18257 19683 6014
16492 4500 20386
22351 6864 20463
5875 22357 16844
20802 3635 12759
21326 6425 8588
20345 23009 8728
18152 20910 14988
16124 15393 3789
23915 13174 23249
11146 24273 12736
4168 18643 18377
14988 3916 490
10834 16984 13386
20566 16323 2345
1293 1975 11582
23867 5274 20090
2631 4006 10621
12422 12348 6047
23751 2125 2556
19984 2559 5812
10136 22292 18903
2427 8817 18968
16846 20488 3452
7219 2208 2613
5667 20367 17237
14547 21642 18357
11637 2613 3294
947 11581 23191
6935 1205 8330
9652 6313 20839
2541 23845 11760
4770 21057 3019
10310 12516 1411
14589 22550 6382
18908 7264 23201
8213 2001 22771
6502 16623 22668
7641 7235 2523
5011 16816 15431
1471 7610 25073
15230 17019 18346
15042 21162 23538
15794 4141 7945
985 18172 13949
9963 17320 17680
17805 4906 20117
4774 13038 3344
20324 4601 13726
18005 17627 12189
19598 1630 23820
5481 21388 6337
7911 3598 4232
23706 9995 18195
3406 10941 14782
22728 8788 579
19756 8069 19196
10750 189 6620
5334 6538 18332
12856 15348 16057
17529 11891 7686
11320 9620 22919
19530 15606 3233
21277 1183 21610
8228 9338 21951
8592 20164 19588
4290 2094 23298
19406 16198 138
18665 4757 23446
13722 10265 15690
5105 22749 19984
4380 1694 20921
12777 9264 3283
2133 8376 7704
4932 15813 12068
23864 10273 11806
4542 2677 15581
13381 9858 9486
11996 20978 820
10420 11440 14595
13139 11827 11575
11668 15937 14523
3461 4840 6432
22414 2867 20505
3150 20876 15215
24417 15030 22431
23176 17236 13136
19067 2574 17188
22507 9384 1480
2212 15339 12414
9425 16525 21883
18794 23554 2323
22256 10653 8899
5637 23585 17136
16997 3426 7345
23842 24933 10310
11336 12099 19642
8389 13584 14250
2849 8387 9020
4975 19419 23582
17372 23510 16634
8872 21072 23113
10261 21252 9283
15470 15066 965
17215 11556 4649
5130 1989 16255
3382 2881 16817
285 15756 16589
178 20969 17810
3350 12713 9825
5489 17888 24301
15019 3794 9379
484 15464 8182
13299 23050 1710
4098 20047 24296
12820 12990 15397
1972 1555 23863
2364 2287 8956
2992 16550 6730
19373 21795 23489
23989 9904 4740
19283 13306 18921
4573 14550 7817
19656 17797 191
1158 17280 8495
2937 7685 11115
11693 3242 22095
5087 460 7458
12930 12715 644
708 24655 10150
5391 8612 4033
2004 22126 25132
20597 24056 1838
15545 20038 24781
6662 22519 21449
15991 4988 10594
10793 8506 19434
18581 10813 687
9555 1769 10765
9994 9531 19622
4192 14812 1574
3627 4061 18090
17128 13995 16387
7221 9224 5902
20574 17611 19089
9725 1315 20397
15761 7617 8401
424 4774 22867
12105 18886 13605
20460 13640 2701
16961 5001 23677
14483 9000 10106
16511 296 20583
14067 16052 17543
1465 24469 14309
18070 22555 25195
750 3001 777
24445 24603 24953
5041 2506 8689
9472 11627 9744
3822 12884 23894
12735 6420 21432
11014 20479 13992
25039 21132 3563
8161 24160 15175
25114 20216 5939
4402 22997 18334
10657 22950 25192
14235 2650 16978
24825 24432 15649
2526 8109 22888
9890 24869 23371
8307 2301 12892
6013 18876 1145
17552 23995 22356
23417 13259 18537
7706 8277 6391
1652 8955 15787
1628 3052 15299
17721 20088 21555
12067 24224 4916
19435 1018 1820
15433 14745 2779
10042 7358 23724
3511 14990 24944
9774 4967 9037
6906 7881 12019
17232 5793 8120
2525 21742 3755
22874 2218 3134
17336 6594 7575
13253 24791 10183
11222 6770 2390
8680 16349 17213
19037 9473 1958
21613 1596 2833
18421 10405 8658
11746 9114 8242
12376 9086 24256
18627 4790 20348
11863 24779 16523
1735 5317 344
16261 19194 12941
14992 9990 2865
11265 6904 10428
6116 11984 22618
18514 5660 20098
659 24302 12836
4484 3830 11064
16735 9637 8058
4923 120 17321
13639 23197 12558
13834 13197 21365
4489 20766 20971
24168 21443 19283
13751 17583 10674
5018 18063 20841
9842 9727 24636
18027 16133 3742
2263 6048 4220
3751 21362 10896
8999 13227 13076
4343 23462 15126
17751 24614 4841
19161 17742 10819
2775 10945 23972
9406 2235 24999
6206 13409 20575
24735 5648 17271
11655 8429 6941
24593 7819 17427
2039 24099 7895
18104 639 2769
1201 19299 6408
2438 22498 11000
21457 14229 15421
21146 14523 6459
14907 23652 18759
258 18306 3526
24097 17058 9110
24913 7478 1989
367 8241 20200
4730 19500 1918
18385 18570 13451
14496 48 21978
2612 23623 14085
17441 22904 18827
9322 3452 7737
11906 2413 9222
17166 12001 15616
18210 22584 1026
13800 17128 11456
13427 1916 12283
6317 7317 18859
19261 15456 14742
12541 7476 7060
1808 15715 17509
10867 23233 2830
2620 4378 18791
21685 24646 2740
19013 8904 14617
11938 1707 9903
19147 11491 22393
2414 16383 10544
12342 13211 12567
7665 2024 10800
21430 19343 17326
5783 10067 8520
20060 19048 4350
1110 19428 11082
14727 22200 23203
16035 15103 24654
14144 23370 7298
2278 8031 8278
3195 5845 3189
2292 11663 8348
12525 22801 23750
20869 627 21255
21207 6949 7020
21595 15940 20871
3089 10039 6760
22701 14400 15510
12581 17119 5858
9451 1871 15905
13114 16326 6366
2953 9097 5238
15597 18154 7742
11060 15140 14696
14105 1091 1210
4060 7184 7304
11501 1010 12918
11115 7320 48
20350 142 11791
16214 8748 3831
15653 17698 17387
12434 9014 4198
15893 9526 18091
14446 20518 22597
3159 8018 11198
22964 11299 14912
14358 3384 5951
2479 9580 1297
8965 6461 6856
18914 12674 16348
5231 14382 11029
12983 10112 9003
16869 15224 1448
13262 444 18935
3774 16850 1068
12346 8586 11396
11862 14439 16418
8137 5655 9009
20530 18790 15519
2125 20318 16912
18341 5443 23277
23625 4607 21825
22759 889 838
17685 15643 15447
1246 23729 24164
23958 16709 19886
17839 21092 14554
17408 16659 8397
22500 12952 15348
3804 22762 2062
773 23474 6668
18863 15799 4494
13533 23569 2347
16750 4680 24426
16938 9520 24818
14941 6474 22315
5831 17490 11437
18987 8765 3585
10970 22676 8286
16284 7391 5578
25072 13697 20627
12418 16881 15396
2217 9767 23940
7505 20941 21219
22729 7374 8001
24236 7134 6641
4470 7041 22700
24021 16088 2930
13763 14917 14084
19814 17107 14922
19927 9736 13769
17822 9611 2796
5440 2517 5608
21145 22899 10692
12729 23106 7303
22652 24832 6525
5173 3510 8453
4994 11033 8142
23082 5345 11614
11411 16831 7223
7818 19557 23140
14284 440 7795
14408 2578 4264
18788 20858 18194
17051 2710 4118
7122 23354 289
917 23148 1458
22677 7103 10853
9094 2312 20393
5871 6183 13477
16500 11363 8941
21757 11221 9153
22790 16800 6237
11882 10972 16506
1076 13128 1178
2198 24323 14443
13230 9738 1792
13061 14697 16925
23938 19487 15733
21822 12554 24607
21311 24049 24224
22246 753 16074
6447 2369 16222
16 14649 14207
13582 15029 9606
15094 1803 15045
6618 6192 24856
10012 4436 10826
24524 24554 12094
14336 7793 16464
24031 24752 18652
10703 12468 1584
5068 17395 19370
16618 18266 4975
19271 16563 6010
2804 24865 20375
8104 9077 18231
3104 14940 19544
23111 18850 5339
6594 2353 20020
23153 1471 22167
14815 2247 9560
20132 7977 20000
3400 18343 17584
6972 12154 17846
25158 4268 19009
9011 24913 9334
19677 14057 430
19415 21836 3317
6132 15067 18131
17375 10519 9852
24371 6575 6707
8921 14601 20054
13876 1827 14833
4513 10079 15859
13333 23918 8041
3896 10741 13302
6213 1709 17710
132 20357 2477
18917 6887 2762
16594 2576 17153
16373 988 1292
591 10899 16576
24669 1439 8801
24961 1997 13097
7421 13451 18003
15957 18795 18273
6364 21548 24694
12320 1469 6894
20715 17595 6586
18405 13630 22057
3415 7004 2278
16070 4393 22599
3347 997 624
22938 21194 12660
10092 2739 21431
11443 23600 8084
3299 12125 22270
1930 18407 4625
24968 842 4758
8272 5951 21744
18671 17648 22113
7622 3749 23977
24864 3270 13178
19240 22454 25041
12699 23308 7849
21989 4417 14277
22196 10336 19551
12482 117 1225
19484 7715 4391
3842 7903 7412
10583 15880 13164
668 18880 17890
24936 13783 17924
23667 19524 17640
4229 17176 9484
5447 5122 880
9247 6921 1550
8803 10973 5400
9620 2492 8860
4921 22015 1450
15393 13950 19410
11378 15887 11843
16753 6996 13251
22467 21080 22046
3594 7014 164
22841 5165 19172
22153 5582 8615
13681 5522 4524
9066 489 734
17960 10508 19319
13990 6562 13597
15304 3700 24213
23284 15622 1664
785 689 1690
21872 16771 24436
12154 19979 11294
13642 8270 13044
8535 3290 12338
21803 10004 2221
20121 21085 4079
11947 22830 5676
13027 18094 6985
20644 14854 13344
17365 5469 12275
18149 7533 1517
