18320
517 13886 4014
6998 13773 4069
0 16364 9459
7448 3609 5950
1104 10066 6845
6126 15058 9326
15396 7107 16748
5583 15474 7408
8494 13417 4928
15121 15685 15926
9690 11814 17120
17796 7236 4127
3808 13638 9121
9437 12688 14213
1986 5127 4537
17678 9405 15002
12643 12533 6015
12400 13707 1631
13173 4019 10357
17478 11478 3450
11701 5344 9414
12108 11818 6561
3203 16824 521
3598 12542 17797
17705 13248 15021
324 8110 13374
9013 15155 5302
14393 9912 6103
16243 8281 3344
10979 4307 4678
15278 17816 2760
12529 5596 13661
6278 11329 11857
15128 17780 2086
11423 7429 8460
1483 6965 8798
5331 5734 539
7797 2034 7556
3481 7411 5661
1413 10528 2527
16850 3842 7633
11404 16492 4408
854 2520 12131
11652 2650 12822
16580 2913 10115
16078 2691 6030
16522 13288 5179
8412 14734 16215
4577 8505 17086
2974 876 10642
12026 11823 7994
757 745 11145
10780 16855 10795
12609 8492 10737
16737 5949 16783
17790 504 10514
17246 3481 13841
15722 9122 4540
14241 1357 5724
18170 12584 8786
12336 6821 17520
7656 14384 14432
9325 14399 2979
13570 13347 11434
10702 9502 14274
8447 12809 12950
14997 7078 6443
4650 10585 10985
18187 418 6736
14495 15402 9341
3021 2170 2205
4453 7602 8620
169 13254 14004
11237 2245 2711
10151 14978 11090
3345 15515 3
4530 7400 10516
919 1777 1323
2436 3606 10621
11061 17326 1174
5993 12326 11229
13714 10751 5134
15591 7276 4784
16293 11660 5747
15041 10521 40
13355 4279 7317
7406 9462 15290
5135 6487 1884
4000 17870 5085
12262 8354 9276
10379 3770 16229
6093 17168 3466
18139 17527 3104
2475 567 5839
8385 15131 5435
6959 8975 2428
12995 6865 5246
14085 14028 11778
2953 15368 8700
12874 12976 958
14606 17602 17246
14554 3570 15657
3903 1856 12432
15182 2103 3226
16531 18009 12668
10432 5643 7134
9466 5167 4829
6162 16555 2942
16594 11228 2449
8510 2592 3805
3353 2663 14141
8646 10955 9006
17828 16356 1436
973 17801 2740
4309 4520 9636
4135 5036 15380
12236 11503 12829
17122 42 13677
16681 14151 13317
6075 8031 6602
6066 8921 3253
3121 2394 6162
14503 12451 12599
12293 13528 851
5158 5320 2654
15140 11714 17111
15990 9314 11529
8665 11962 11702
12861 3345 3697
3401 768 6677
3806 921 8029
17062 16054 8942
10859 7227 10408
11162 15544 6172
12748 14829 291
1154 16259 17308
9829 2344 1507
11286 5365 14500
8738 2730 1846
1557 4834 3561
2375 17565 13350
12187 11079 17927
5617 1465 2754
364 15782 13736
16992 5261 6023
17556 3101 17760
6903 17662 1276
9614 6315 10994
8076 2648 14247
15246 8366 9451
10185 6396 13385
9377 13736 13688
13906 7558 17875
12763 1112 14767
17530 6078 8760
14820 16553 1859
7371 1938 6745
4077 2949 9512
10002 7337 4873
10095 4083 6907
13763 10467 14349
4970 3913 16088
8723 5492 12902
12659 8659 10445
7867 17911 12065
9735 4323 14415
12984 6022 8089
8307 3485 16239
515 2960 17543
7187 7172 428
17215 2779 14180
8011 2811 9203
11609 4197 8992
17059 4680 8291
4809 15276 14463
1527 386 8629
10753 15565 8168
18013 1074 7511
14585 6522 10859
17892 102 17283
15494 17438 8079
3033 11202 6362
12983 9908 17184
15452 13760 7102
5364 3022 8342
15266 16226 15665
4177 5279 7331
4357 12898 6076
5053 13931 4073
10907 15076 12790
2742 15811 2258
8265 2556 16259
9801 9719 5984
12699 15235 8195
17073 7036 13990
811 12863 2826
14596 17355 9822
11935 13204 16730
12405 16116 7594
11954 5000 7107
13294 9266 14720
15762 5196 9099
4405 600 16003
17942 2328 970
945 11764 15122
17963 14092 1481
4887 11342 5490
9146 17583 531
15811 16620 9717
6052 9130 11002
6677 9214 10111
7250 11428 17164
2362 6265 550
17647 13823 15557
2696 10186 6660
6412 14140 5541
12841 6000 17424
10103 15264 8565
1670 15734 10533
15592 13484 7161
1385 13187 16351
3220 17741 11387
10194 8686 2624
13433 9728 2039
14283 9868 10278
14435 2601 9120
4695 3276 15481
640 11115 474
9692 12354 7096
9212 4593 10452
1563 11461 14918
15219 311 8284
12851 3711 10977
18025 978 11265
6114 3299 7843
10841 16426 8525
5072 10775 17654
9214 15436 6478
7078 6577 2011
10198 11322 12909
3827 6048 2097
16381 15204 16477
9928 14769 12358
2855 5434 264
10561 1380 7889
13817 10615 8236
11233 860 15849
7921 6429 6780
7802 3459 14170
4059 7150 17129
1631 16889 5313
9405 6900 4994
16443 4231 14830
16151 380 17827
17188 14260 8660
1816 15031 7063
2727 7510 9841
3009 15852 9808
13321 1994 5628
5106 16907 8870
14526 9347 5221
9000 3434 13237
6557 1054 3298
14907 15555 10853
7305 4957 9603
16209 2429 12210
6733 7182 6541
16475 231 11341
10795 7768 7566
1367 6927 16570
13212 1155 4404
4323 4501 16973
14059 10908 14827
11988 12250 8894
17164 14665 6239
3544 17943 945
7370 10691 10049
5299 1571 2033
6229 10132 235
690 7098 1782
14270 14649 16769
9760 6289 5516
319 13602 16812
2025 9324 4970
13248 12520 6128
13452 9917 12758
5932 9170 8470
998 2889 2349
16225 2463 6980
17332 10042 4203
1813 117 11302
12906 1749 14676
7931 481 16961
12441 8553 13175
3182 14338 5285
6832 836 8853
9873 663 8847
7109 16319 16432
13533 16588 11335
10356 13375 16513
16409 17954 16123
14859 10188 183
4855 10225 12569
13115 6709 4186
17526 13416 10958
14194 9606 8482
14652 1879 6163
12796 11847 17335
3126 17604 5046
15944 3932 10492
13076 3553 85
16724 17987 11714
12451 1304 15516
9438 5437 13411
13243 12827 3628
71 6947 11477
7506 16728 11541
13608 11379 13869
4488 3 14875
2398 4887 6292
3664 5761 1904
12338 7810 9384
1322 6148 4523
5389 7968 13522
8619 3211 8261
16628 12950 12948
17501 543 15003
9002 16552 1978
1778 14885 13204
16086 12102 626
11100 12998 439
17168 5891 5247
3144 1673 15801
9185 16808 7286
11458 11588 6606
11864 11137 1977
10509 9539 781
10488 7471 4640
5258 3385 12115
7022 7971 16938
8843 6651 5585
4140 5445 6338
10748 3806 12050
3519 12642 1327
11464 6023 689
7479 13311 9643
18027 12150 10593
460 5687 1749
8398 737 9487
13652 10647 5398
15672 7836 14093
4225 1463 4413
6035 1507 13315
2501 9831 7754
14962 7520 8373
5702 5519 13601
15717 1297 5694
2811 2590 1933
6934 8990 1211
13916 10350 1421
12871 77 15068
12988 12204 11685
14011 14451 2504
13831 7931 1375
16345 15637 5362
5222 7843 2100
16029 9274 9779
6360 2097 2396
13393 7250 17200
15432 17125 11910
9965 4120 9236
7457 1391 13131
12488 12006 6796
1157 11008 11390
8038 2141 196
2254 10435 17713
2280 12296 789
9502 8874 15248
8877 3694 3019
6572 3425 13295
3078 6317 4314
14383 6418 11973
8813 14046 9545
11975 11550 13832
3258 15021 11525
11572 8355 15277
9072 8410 10568
16105 3149 8687
10535 5815 15340
2962 7671 4290
15330 14610 16400
5417 16193 14554
12570 13348 12315
15807 4388 17008
1288 186 8164
7196 17697 2854
14324 4441 6200
9256 12383 9192
8852 6169 11925
3567 10869 827
7383 15936 10200
14302 14892 8103
9362 9319 253
3678 13978 8276
7766 15563 16894
6532 4403 6726
17803 6216 17465
2156 3594 13916
13692 1618 4707
7877 16534 4575
1636 15891 1258
13283 1426 10932
4781 8891 13473
16698 5930 13763
5017 8375 3213
9293 8219 4734
295 16812 17741
17940 4914 9216
10247 16099 9055
10517 8802 11649
8313 4243 9661
12073 12090 16024
1613 1543 2583
11683 16013 13040
11510 1262 1084
13957 5811 5562
2327 11919 9694
5010 14420 16163
6313 12318 12258
6462 12984 8989
15554 6743 1182
7152 1957 15561
38 4633 4166
11902 11269 16603
18256 10407 7743
13789 11628 7799
5261 16933 11751
13899 4634 5566
8981 14686 3355
13764 11046 15475
17792 15407 17071
4881 9626 13898
13385 12767 12389
7228 11114 141
5430 5995 10160
664 7740 17041
11792 1440 9202
15311 10317 11792
7690 5063 5012
15018 8757 3926
17733 15974 6273
12360 1922 15701
10946 12480 9874
3935 8445 15933
1953 14858 15201
16636 10172 7836
10444 12664 10909
7563 15125 2700
216 13147 16544
14748 6339 9559
3937 7110 11118
5434 17389 6205
7527 4112 11992
2567 15340 16548
2276 14181 11580
6788 6712 3408
9103 4156 14793
5517 8736 18002
1746 6123 11260
10396 14772 9157
17060 14132 4087
17452 15800 3744
13524 9144 9922
11848 3265 17670
6648 116 7302
10284 2151 8222
6712 975 5924
7080 14936 15889
7560 9457 11627
17382 2286 6536
14716 15608 3359
15090 7648 1672
16955 6348 3145
1017 11905 12008
7586 4124 7215
736 16089 13775
5211 7883 10331
5727 17028 4019
15357 7371 15480
6493 4730 12063
6372 13109 13087
6735 298 4963
11728 3650 97
14099 1198 2170
17643 9415 10691
11557 3872 11874
11469 4462 12875
16799 4617 17494
14836 8828 64
5762 1114 10007
8107 3187 10299
17603 14516 17957
1212 2077 1582
10603 16678 4351
8853 9579 6517
7819 15978 3970
9879 10016 13296
605 4625 2105
13725 1324 17047
16166 14783 12714
14197 11887 3889
15534 10717 5062
3295 14216 3151
10885 9239 2957
1472 1864 6953
11329 5843 13815
5470 12351 15952
15019 15951 313
7051 15938 8925
18246 9975 10105
12626 6996 17014
413 815 14617
7740 13445 10302
9647 17010 13643
2358 2424 3527
806 16389 13264
12835 12724 8738
16900 12044 15427
1695 12199 15157
14412 9031 11026
4753 8618 17536
8245 5904 4174
2048 7377 2184
5537 13556 8477
17185 5505 11566
5687 12168 17110
12945 157 5646
2205 12727 7806
1246 6042 7701
2773 10387 15993
17296 2209 7360
8141 7141 15443
24 17402 2143
10670 14293 7573
16933 6188 6648
8937 10156 6254
14483 1650 6959
17081 3974 17935
11998 16433 3172
8707 10271 11824
7765 11178 14533
1919 4033 8321
13988 12683 14765
2325 16128 2802
9558 16774 13564
4741 12738 8156
13881 1097 11135
7618 14999 16834
3127 271 1018
2617 18000 663
7439 4413 15719
10308 12427 1054
3286 17283 754
18091 16282 5483
17079 8312 7241
17909 16483 12293
18049 10477 15608
5849 14441 5155
3973 16641 9688
11204 9694 9315
979 10113 955
18124 3758 8412
3449 17626 1942
17032 4558 12477
14843 10006 15706
2200 1024 7664
255 10789 2410
8206 5078 2308
1861 2478 1552
10595 6661 15199
9023 9072 4243
2524 8524 15768
1444 14462 4955
8199 751 4453
10172 9486 11126
4411 10828 16180
13684 1420 10234
7909 340 380
2043 2484 9761
3762 5692 11191
17291 8068 2452
14340 9376 13200
8532 2983 3036
2109 4300 726
5899 2852 17857
8904 6474 3052
13735 11582 17614
17847 7656 12503
9585 4755 9116
12221 13047 581
4954 8634 11886
7662 14469 17575
3502 3067 3585
12512 13663 17312
18273 11052 5990
10633 4687 17382
14150 617 8107
5067 17487 915
17836 155 9797
12158 8231 1314
3355 11303 7439
13033 10275 13109
17403 15323 2556
1060 7163 12523
17768 9226 1986
4659 6235 4977
567 5552 2069
4620 15293 15032
110 699 7932
11360 16176 3843
16343 6612 10625
4859 11398 15627
15103 955 14395
7255 17179 3653
15857 13483 1120
13141 5510 1714
2654 16677 8946
9562 4 1845
5654 8742 4249
157 11990 6408
1172 17086 4490
4130 11699 2475
8578 9773 17175
8188 12631 13283
15654 2440 5881
7964 11231 796
3726 4358 11050
8363 6018 476
14954 10568 14046
11772 16351 1804
4445 7967 2451
2442 10446 17480
4012 7220 8603
14142 12629 12431
6757 7998 3076
17432 8683 13312
5950 7708 988
5802 4856 14324
11144 10835 7196
1854 2205 17967
15641 17241 4363
3620 5614 7216
12587 8591 14027
5141 12079 10285
2907 12397 2473
2232 17828 10402
479 9902 10833
6611 1705 16071
1088 9953 15788
14696 9209 14588
879 1820 12334
16772 6512 7380
3853 10321 7027
16837 8958 3682
1050 14565 3773
5358 8572 4153
13796 5226 1139
4926 6283 16688
11840 17052 5907
5159 10998 12166
2877 12561 13966
12081 960 2916
6203 9790 7145
9133 3216 2241
2247 14508 14626
18231 9116 13434
330 5498 13463
4265 6255 7483
14224 6775 15280
16510 4802 16301
1745 5413 16866
14301 3528 5793
11027 13863 10356
7346 8177 16652
7749 1141 4895
16624 16971 891
627 1567 12625
2094 4882 12992
15895 12066 10080
1894 7301 9965
8765 3104 4608
4115 8129 15107
6874 11085 15386
12939 1241 7977
5205 436 3956
326 17226 11810
9373 3073 6869
14789 7666 17893
10649 9647 3484
10046 10434 2889
2889 6546 12739
9541 15097 14963
821 12760 12476
13501 2708 13219
