25962
4006 23814 12475
7223 13621 2114
17785 15724 10312
3883 24697 25451
9474 7001 16356
20525 11333 24862
14052 25103 22590
22127 21219 16126
21566 3046 704
22991 4481 10603
20788 5062 24190
3183 18057 19064
2091 22512 14588
7907 7530 18488
7562 11150 10183
11940 7829 1012
8539 9034 5504
10106 13693 25929
16286 15951 3633
4142 18037 8130
19853 14300 18116
3327 3843 5009
23989 5997 21489
21152 14433 11195
11087 11891 18549
23068 2121 9283
2704 1663 7955
25735 10550 4088
12186 13631 17321
4810 4896 5254
3000 16727 20899
13020 20687 10076
19776 16089 24844
5764 3293 7680
20115 8907 20363
4662 24280 7095
20838 3944 13643
23420 24560 21365
3861 21388 15750
19471 8236 10794
4732 19232 16695
12361 5510 9258
5393 18795 18108
4655 14954 8970
16797 13349 7476
22932 17419 10950
7840 13574 13329
13733 20984 19029
14050 20552 5055
20114 12649 325
19107 17205 1606
15593 18072 606
7165 119 16087
8310 4191 3287
22686 22974 14214
8532 22304 18244
16573 7006 7822
21444 9365 4746
16132 3098 6565
18613 12984 25345
1146 7259 11969
7418 6535 8750
2026 17302 10489
10608 2594 20801
8753 16401 4869
1252 11377 3991
11643 15240 1229
3809 23650 15289
17906 10578 8399
8910 3169 10955
21896 12114 25039
23786 432 14165
23222 8845 1841
10580 7975 9064
21540 12344 14188
17339 2404 22391
4900 23392 22634
10237 23815 16743
15615 14178 5474
32 16356 19508
17307 12781 5389
22170 4291 5140
13934 12839 4544
24898 15727 15661
25869 14457 20863
5727 18526 15948
20391 15834 11145
6333 1160 25412
4525 5986 18914
20620 14243 13980
24499 2483 20450
3592 13623 12245
11489 4707 4924
2767 905 1796
5170 7824 14850
15047 6129 5093
5905 8964 21183
21047 24874 1264
20967 24139 14538
9520 16000 19230
3505 9899 23175
12564 9286 23808
7069 4270 7979
14208 9170 24106
24596 21210 23000
21750 7932 19658
15798 20018 16878
16000 20026 6828
11899 24797 4968
14891 21032 16427
25129 2046 4885
176 16841 5676
24662 6769 20714
4677 23047 23368
13113 14894 21517
1694 1094 17511
24171 9746 12013
17237 4605 13593
8279 790 5859
12527 10319 17113
18946 11820 12827
15454 23997 25901
15275 1825 245
16936 13250 19602
22954 16263 2385
14127 15011 20648
2566 25009 2091
21690 24188 3860
20370 14062 15366
18323 20403 16515
14183 3331 1608
15748 13492 11951
2265 8276 5038
5993 18630 9267
4795 17570 21090
2505 14119 3178
16520 11339 2372
10407 13764 6273
3945 11626 609
5348 12303 10219
16686 23240 16956
17773 5130 3325
15411 20312 10045
14931 11976 17185
22878 571 18094
12467 14367 12471
5066 17816 1313
2024 2337 17388
6148 12731 15094
14118 5371 17938
12968 15401 17508
18399 9472 24925
18608 3797 6946
1201 4333 15449
18271 1230 14344
19239 20071 18797
2082 16047 24697
16863 17996 17697
659 12204 18874
22979 6044 3114
1845 3199 4811
4103 7683 24176
20464 7939 12078
885 2791 23224
23170 2926 22680
16966 15743 11257
15435 19511 4252
1158 8469 13523
6744 12701 17300
7818 4726 3477
3403 9337 20427
8647 6469 2067
19360 12958 6540
4077 8374 17065
10079 6020 8252
7944 4527 3672
2170 18405 18885
9843 166 17035
8722 24119 2766
9189 23955 11981
16587 13302 9462
23727 12488 14672
1858 10364 22965
23032 12505 3503
17140 18391 18426
24725 18474 24504
14768 3460 16004
21856 25110 10229
18855 24744 13134
1269 20776 21419
11721 24925 3408
9401 24933 25356
350 4242 19895
1547 3041 7150
8968 810 23240
23654 5660 16467
6083 16214 9374
3956 13232 23653
19284 17772 5204
22883 3039 17745
1311 21043 4011
1481 10090 8479
17585 2589 6619
25905 16803 17343
10894 8106 17859
18768 18699 10817
18039 16001 24631
18567 12194 20972
22790 752 1047
2282 11165 4312
16248 18673 4431
12050 7810 22354
9908 19876 6285
20710 15273 3917
24864 12378 1762
214 2386 3600
6843 19639 17969
14475 8565 10281
12920 14092 13227
24953 2989 18397
20277 24049 12946
17833 3981 22776
22203 18910 2902
4117 18295 22275
15893 22352 7656
3069 20481 17390
17631 2960 19389
15872 15804 9749
2980 11038 8379
17653 21101 15055
12950 13660 6709
25168 1946 9565
6149 24245 6688
8053 829 3360
18811 19340 19326
5069 15548 15168
12174 22824 11183
16739 15680 2510
20828 18864 2538
15302 23772 13073
22692 2058 12728
16984 20114 3803
670 17912 1316
15995 16861 2967
7473 20356 3596
12001 17606 12872
21658 13525 5347
25185 9573 1735
535 19377 17967
9282 20849 23045
7802 13095 11330
8931 13864 18392
17742 334 19032
7174 7585 10069
17177 12544 22510
23957 14579 10582
16718 7891 915
17974 12448 13216
7651 14758 10805
3492 23345 11059
9829 14682 21724
3930 9624 3022
6132 2630 146
22937 13458 3375
11336 8585 5733
12508 11689 1139
11180 1690 22418
2603 9051 3001
15917 7402 501
12717 657 18146
15132 16907 24152
12318 10094 8526
11975 11916 9915
20940 5781 20336
18703 10159 21936
5442 17339 21655
18825 14041 24474
23623 2101 8348
23313 13745 15181
20429 14797 4192
17985 22899 15255
9993 13848 17903
18667 814 11757
5082 11024 11463
14807 18686 10415
23351 21620 12907
15553 11965 1947
483 5351 10691
22404 11297 20254
6875 3447 1627
11292 9330 10862
8671 19226 18630
13391 6723 15308
11804 3778 1385
16638 24020 9997
8174 15238 13020
5259 9623 272
9299 15803 3810
63 20198 14801
12208 21216 13375
19521 4793 17605
14845 3455 7027
18447 6573 17652
25070 22395 6189
20745 5652 25259
16183 15449 15213
2129 5361 9835
15235 6306 11877
8112 22379 9423
2467 14998 13738
15347 6646 12354
23893 23527 13702
21972 20465 21738
13236 934 12694
8385 21318 8775
7477 15352 21013
18287 3588 16967
22303 11233 13865
6549 22551 4059
18151 13177 18334
9781 22402 5447
3268 16376 19204
901 496 19103
23433 7097 11334
8151 2455 788
2624 16166 17091
19737 8535 19940
18019 20434 13423
16778 17173 1928
4250 23436 1670
16846 10241 13904
20852 22741 229
17476 17736 24779
11475 3904 20322
17366 1885 1736
24763 8631 6983
15311 18321 22225
8223 13910 620
7707 18427 14242
25186 22469 20640
25797 5420 1247
15188 11437 14532
19482 6600 19882
12821 3713 21272
4713 8113 16607
24933 7298 6233
20324 21708 10591
6578 15046 6181
6741 685 9184
5818 13394 22737
16042 14321 2262
25284 15586 3402
9901 21758 14126
19625 7485 1131
15002 19976 11868
250 19598 24413
524 10796 9986
1927 15469 4514
13720 21427 1749
9221 11589 17940
22671 460 11044
7855 17781 12856
7972 23282 2521
24374 2183 13257
19718 12884 11647
10387 12244 18732
4056 15371 8851
18645 3684 14642
20661 20748 6665
12996 763 21794
7598 11411 12195
11354 19473 8322
21220 10857 25545
11059 5860 16808
25627 7237 21243
21660 6579 12437
3356 3664 5173
8936 4550 197
1812 9764 12648
5849 11316 10095
5471 2541 4578
13968 22133 3192
21115 15131 11293
7723 19498 523
25758 4714 10976
9714 23761 3704
20868 18285 17191
24204 14424 18575
4612 17085 2723
4468 19128 6575
25410 16257 9629
16367 14574 23461
18104 11069 6870
17072 22020 2827
12087 16465 8164
21394 9745 20751
14952 22926 11512
3426 3096 20591
17926 13455 11072
13779 3327 2214
17860 4237 24049
2359 1172 15903
8068 22297 8652
20179 9278 22167
8449 21336 9332
7010 3437 25634
21354 7720 14492
16063 14670 18205
18529 2875 6235
9058 20601 22905
18235 1178 8714
21498 16758 2468
2199 21559 18954
23457 4797 16638
15156 17361 11836
15841 9407 6327
1014 14279 7610
7431 20615 11015
4173 19575 16328
22763 4120 12168
2954 8001 8879
13366 4411 16402
23246 17049 15095
636 5734 14380
22514 10687 21599
2933 3558 24334
12421 22573 22803
14408 14472 24315
3222 4378 20009
4374 19891 3270
15322 10120 10531
1628 5026 20816
13504 16467 14220
15713 4755 822
4831 17465 20310
2233 15160 7850
25514 18999 8841
18278 5883 18099
6418 10966 6358
19277 195 14784
8716 4025 2954
1728 10388 12974
15709 10749 13069
10169 24140 2465
11568 7761 10860
11380 15289 2261
10837 6350 8839
247 6928 4249
15726 22023 15854
22375 24807 21378
9276 3513 13210
22507 22253 2503
5637 11254 19799
7553 13035 22158
13437 6240 365
13768 14525 2267
14096 17957 11500
10419 7347 15436
13222 23165 1192
25114 12395 2928
8784 299 7640
1893 9289 25022
6596 22070 4793
5023 21133 25240
22007 19658 23953
18624 21227 25061
21712 1547 25160
16225 11073 22942
22279 4996 9308
23702 23069 2548
12441 2850 3451
15384 547 22001
4201 3139 7766
10482 2433 1545
748 19106 19174
16873 1980 24929
6811 12095 13175
3828 17382 4836
576 24727 22871
8315 16010 12133
7871 8321 14021
25477 13200 25808
12136 25121 463
2728 9733 424
5953 13142 664
17701 8048 21324
17379 14565 8551
5554 10434 6481
5126 112 19539
13523 18520 18752
11200 23431 7196
4302 15720 4652
5506 5023 15542
19794 7528 24706
20022 24853 7543
16470 8310 19702
25194 4023 9135
13270 12646 20379
3092 22391 14737
11134 17773 7430
2410 3608 6727
18975 17654 14403
23809 17400 11793
7181 17254 12571
8491 14414 4271
8870 17408 10732
22446 17539 3952
3020 14871 7505
21794 13441 14977
14439 5830 16772
17185 17864 23973
19487 13233 16559
8020 8161 6034
4928 1353 20515
20909 10530 14706
23390 10069 21153
17672 1036 22533
25804 10046 4351
12657 4926 11615
19334 5485 18282
20345 18838 13350
3244 13275 20027
11620 3265 24756
10796 12046 21979
11113 7731 23729
13826 15100 9545
1441 10498 1526
3554 8874 9216
9697 2256 1322
9606 22218 10399
14937 1849 7751
21101 21983 15721
2252 17698 12875
21844 9782 8763
19070 9130 1724
21736 1372 11408
24335 24940 25231
9773 4815 21552
7716 16934 14295
16581 24353 14133
7274 16504 14945
9095 18540 3499
2021 23837 1471
7416 19827 5674
11707 6660 24755
12370 1111 5345
23270 23899 322
21746 21802 8875
13518 4074 25876
19064 1308 13275
975 7431 25627
2244 20509 8
15094 3614 13895
13494 19432 3392
22243 20158 8279
21208 17263 6366
4512 23202 20947
15980 22937 15041
25243 4569 20699
4716 22686 648
1910 23682 17491
12343 20637 24907
24473 5663 19583
23284 7066 25881
19604 10007 23588
9873 4491 375
20502 12275 1206
2857 24982 7378
4349 22178 18056
20684 12021 23703
22644 1576 15511
7623 911 22562
8618 4248 14351
21017 5805 2342
9099 16216 23287
13736 21082 16294
9235 13214 3145
6009 7385 11581
7116 20931 162
2646 8820 1688
6492 22164 22117
7378 15339 16705
5309 8457 5538
13039 16454 7883
5645 11306 9708
24431 15776 14302
9015 7675 10140
7509 16854 19814
8573 14113 11418
25364 1542 12391
18179 5762 4699
11851 17138 21276
21923 18746 18007
21608 9821 9495
6426 19925 835
836 16255 15119
20131 4524 8905
405 10836 14079
12874 4018 6404
24775 19426 4469
24051 4700 5275
17019 2216 8062
706 23383 17817
15194 4437 24008
6043 617 17451
24820 22604 4613
17269 51 4755
11402 17898 18805
7279 5845 23507
5358 23415 16091
13079 12587 12614
10724 18935 5972
9622 5931 13776
8418 6783 6450
8800 16820 19628
1117 24445 6005
808 23738 22697
10757 24754 15014
25258 20287 22438
16821 14253 13443
5042 20219 24
9130 12856 2278
19188 1600 7073
1460 21632 15700
7323 24467 126
15596 21588 1507
16803 9175 11275
22627 16609 3292
3387 18964 1865
4268 22863 22518
6204 24072 23159
7460 9969 630
15423 14719 4824
3058 10926 10388
5893 6728 5714
18226 12916 326
15701 22426 7861
7848 10275 8963
14112 13969 6321
6413 5201 643
1528 2290 19322
173 1463 13207
15645 2492 11714
22278 6399 23750
12994 16643 10772
7066 24613 20860
17781 4624 12903
24859 4950 20967
14202 13803 12525
14120 19053 2960
1755 21940 14664
10028 11547 19790
3873 24404 14791
2589 15508 7830
13881 8995 25400
13608 8336 15455
19633 17661 16593
15117 24661 5844
5401 16692 17589
19171 9822 5657
15730 21285 4526
20305 17141 13808
6529 1511 7410
11381 402 15640
1733 4671 20232
16695 20897 23438
1643 3363 19858
17748 13320 8105
24699 17100 5421
3687 13153 2875
10266 8972 16610
21179 5073 2972
676 14504 18362
7989 865 23751
260 10479 18842
19647 16436 24282
25014 34 1158
23187 6985 16921
15011 24598 10453
18492 22672 2686
2321 6710 13921
23496 23974 8213
11764 16809 7110
23852 8835 25732
6670 19097 24230
5216 187 20051
19907 10609 1087
12612 13077 21045
12004 6803 2593
2519 10155 6772
19951 16236 48
4843 18619 24425
18349 5586 15762
10432 19127 9014
9944 19756 19340
13318 17778 19961
17538 5826 24355
3714 18905 6086
11014 24398 5927
6765 4474 20547
9654 15145 20094
22536 22616 19280
10938 7475 18988
16142 23986 12531
14590 21576 23914
25697 8185 22046
16433 22722 5890
12282 11532 13082
7343 239 11222
21247 4274 9674
19385 9208 4398
982 733 8290
7771 12075 18251
16102 18160 10906
6712 23716 17006
23929 1923 10503
5822 2826 25705
19081 2728 19038
21329 8210 96
19883 14014 9234
23966 3237 925
11270 16774 17163
9808 15878 3782
10172 10656 2163
1422 18587 3126
8261 9519 22662
3475 19942 18715
20479 9095 6524
8769 2147 997
22229 10442 10936
21831 15200 18081
14427 18181 2453
16728 8733 10592
7761 11721 8642
15338 12604 21870
5719 7632 19887
11468 14910 21879
2404 21895 23404
18318 21662 121
16962 22625 15696
2600 8058 16692
6809 7188 8696
16182 951 561
21734 24876 23173
10076 25055 3
14108 23469 3700
21918 21475 335
4746 2665 8419
24492 255 3665
15766 9660 21231
15647 19785 6819
395 3055 1254
23273 3473 10129
10784 3865 15354
11257 21521 25572
22749 5695 20296
1359 20035 12888
6580 1001 13118
333 78 13333
10037 10182 9897
10511 2557 15985
17518 18254 19411
24641 22103 22753
25048 23316 12056
1178 5173 11385
6265 4447 18525
23560 10215 24997
12256 6281 5319
1090 10340 3539
16991 19161 10360
19210 21873 5577
778 16026 3566
19109 5295 8611
24982 14815 6951
14375 25037 4151
24017 1274 23856
10979 8426 25773
6959 5766 5057
18731 9081 8977
4391 17125 3037
4429 7124 21560
8830 5315 21684
25656 22927 12979
20072 10037 25585
12778 23947 2410
14678 9323 23609
21453 15797 13657
11661 22736 25082
13447 7136 10644
1374 18069 21105
14629 12446 948
20222 11531 21886
20570 22721 23318
3760 17380 25182
22830 3941 23111
14254 9226 25498
14004 18469 5751
19019 20925 15858
24095 3162 7291
24553 15038 7335
22333 15908 16836
13893 8311 11716
5597 2710 5349
24392 13083 22236
23585 4005 17707
25832 11806 24960
19568 12431 18169
8350 16550 20137
17421 1291 19128
12684 3760 13490
13846 24778 1574
452 24854 2183
22075 5464 2797
25524 8026 9187
8233 9901 21461
19444 12520 3333
610 522 18308
23761 22525 3744
22254 8670 24673
12971 23019 12331
2682 11482 12736
4229 18361 21773
13621 12163 17143
16917 19543 6067
2915 18487 22336
5006 13711 7593
16047 6175 14626
960 5950 15735
9285 24316 17794
11708 4858 3769
2455 12800 22725
3572 10616 811
5883 6846 24272
23304 5587 17808
4892 21345 14234
5119 11762 14896
23490 21165 18001
21096 19689 11642
7844 18748 15538
13878 7140 12220
5903 15631 24423
15994 1775 12613
2812 11101 16965
13717 5247 4008
4742 4144 7697
7169 6083 19785
18343 9924 11358
21533 16122 20960
9268 17006 16998
25290 19184 7841
17062 20246 12046
11246 20809 24095
7806 23611 19162
3674 2888 17954
15103 1193 13281
1532 1058 9807
16 8500 9881
17220 1629 10052
16620 10716 22028
10818 23095 4379
16413 11202 2573
13696 6210 13959
25455 628 12223
18081 21257 12804
15774 8399 4225
5417 24701 340
10623 11177 6378
13669 4309 14950
13641 20785 7794
9445 14156 6917
19247 9552 885
15482 885 9090
14151 20200 6995
23093 13951 22084
2881 20670 11917
1593 16239 3882
9153 3782 8026
12471 23885 9770
14506 8618 17413
6165 8198 3075
16533 18953 4111
6918 14884 24590
25299 17076 3228
9358 18665 25302
23126 2721 16043
15656 8179 23543
1044 2428 1339
24246 4070 5797
112 6982 11666
1763 15949 16245
11570 3472 7701
10530 20808 24794
12825 8872 7242
21281 13346 22823
6218 1742 2639
4960 15095 22464
10192 6976 8434
3139 17093 562
2814 10380 15468
24293 12369 14903
6372 24109 5606
13568 23516 12093
3635 15785 16206
19680 19040 13827
5781 22204 1987
6297 8442 22300
11533 19926 10547
926 10840 13295
5686 17880 1474
24139 17551 25128
19140 6449 8808
24344 19735 17232
11439 24538 20831
16750 5629 20919
1667 21849 20672
537 5326 23782
6645 24023 11120
25603 23542 23890
25341 3011 7482
22485 1746 14057
22717 9703 11364
17120 18223 15074
4283 2224 20213
19758 16323 13625
10055 5552 21853
6476 17504 8698
7051 21046 21964
7151 20947 9121
563 6808 18617
12372 6496 22741
25950 18120 2943
19843 7544 8953
3583 23569 8425
6289 16566 7402
20495 19273 19807
23345 9427 6183
20272 7845 9876
3240 3390 22154
16904 22776 8161
20462 14621 16326
10386 1413 9089
7272 11842 22774
10605 9230 8872
10072 8773 21239
15418 2000 6704
9895 10881 12688
12557 14199 12681
7315 9856 4184
9349 6133 5724
16907 6887 5647
22738 24498 24402
24541 18707 10269
160 2753 9822
10372 14834 7869
6995 8697 22210
10839 5095 3309
22700 16289 23048
24935 6317 8593
9754 15917 11562
20325 15847 10774
17455 15970 16671
22105 20719 13468
19999 24217 20492
22380 19758 16535
23535 19135 18463
19418 23127 14139
17491 11941 397
10696 11666 23410
13193 8942 19431
10139 1721 25675
6614 11511 25845
14301 16195 7923
3294 384 19752
1939 7049 21621
10294 22148 21818
9570 11009 21383
12384 64 16169
12740 23152 17262
10855 12151 1432
15513 13024 18675
292 22916 2301
14333 15458 746
10329 12143 12288
7663 23062 14251
1207 5925 14447
14722 379 23065
4565 22348 1881
22027 7629 24542
22578 5732 6132
18896 12699 13543
25553 12700 15590
16318 15467 15387
1973 18220 19460
10649 4520 9582
14544 8967 12758
13148 25134 9941
18403 15153 17545
4752 3656 2024
2040 18621 15812
15939 21465 20172
