25272
22020 15292 8602
11904 10583 11783
13627 17513 16654
8222 4758 14312
24403 17599 13972
11256 14295 9839
1193 7817 272
16639 3970 17295
9897 4590 3322
7418 23868 14759
6803 8600 2250
13476 10336 21804
18684 15362 22006
4904 3294 20474
9229 21723 12996
19444 21581 755
17707 1761 24011
10065 20586 25103
4740 22752 14825
22632 9164 8127
20528 1221 12225
981 10825 1715
24073 7856 11611
9867 12693 17799
23758 3488 5248
21862 3301 20133
1382 11273 24267
10023 11970 5326
15388 11346 24010
23000 2349 8269
10104 4292 13134
22917 20169 21049
8478 10679 18131
14476 21363 15522
11826 16091 15051
12656 5117 21203
13614 11267 117
4882 16748 2106
13939 2946 22828
7730 1438 7455
3300 8060 896
4979 13629 24537
19109 14518 8618
4873 14583 3747
4777 5105 14516
3510 17022 11116
23265 13556 22500
21795 13619 23062
5122 9955 156
17970 14195 9807
10483 7243 11271
24260 10367 9476
1246 25200 12466
21709 10883 6644
11180 20686 18783
4037 1728 323
11554 20043 13161
12070 2362 24510
21569 8831 4758
17803 25023 21569
10243 6295 12523
18439 3278 18934
22719 18209 13032
3535 18277 82
19768 4095 24141
1941 6576 24494
22043 3334 12631
18679 22533 17367
22788 12119 9688
15409 7254 17390
12992 23791 7730
23536 19743 11297
6532 1802 14572
7462 1149 7770
19591 17323 15973
2872 24880 11931
3905 153 16275
6346 10249 14677
17880 13715 24359
21833 866 5403
21524 17399 4914
17174 7418 7636
7480 21632 10438
13218 22721 19281
1271 2647 14401
10196 15993 7579
9333 9823 2323
20159 13035 8583
12802 14796 18178
24644 8276 7177
18118 6071 2286
4666 15429 6193
16053 2318 17357
11331 6501 9162
171 14398 20389
12777 18100 10679
9244 19798 16421
259 9946 8256
12661 8024 19720
8160 3224 8906
5360 8353 428
896 2429 21174
13683 17692 5088
7755 4362 2388
4762 20231 22980
9813 7673 14027
5866 19890 4045
20654 5306 12912
16824 11942 13266
8752 988 4558
15758 11078 15807
16999 16563 13075
250 8986 1614
22711 7940 19051
806 14749 16127
17618 20084 5455
10297 18587 825
17250 23490 6941
11098 1625 18368
14586 3147 11691
24419 4139 17642
11396 9976 10026
24683 23362 8271
21125 6593 11472
359 14303 11369
2176 12164 1090
1393 13739 16453
7129 23805 8494
4326 10531 21677
405 4519 12673
14682 5173 11917
24984 15787 18702
22643 4279 13688
13228 12106 10095
6843 13252 12108
23859 318 17438
22251 17062 15290
7119 12815 20883
13516 17316 4716
24276 12274 4189
15063 21517 14451
12335 6638 9159
18779 4475 10226
3035 4829 6669
8721 20167 20919
1098 11388 9547
20207 3220 16569
24577 3729 20340
13374 17455 24217
17479 21473 24095
15623 24094 19463
11144 11825 19419
14085 23557 15337
9169 5412 6303
7962 24515 1529
3379 15174 4001
16420 5632 4795
17925 20005 231
14434 24394 9340
13165 5950 6558
12825 18144 7994
4439 8022 13523
15644 14021 5565
19809 24048 3131
24878 9133 12738
19599 20717 2201
3078 9762 23184
16579 23443 24213
16515 10623 8152
3439 16416 20000
18472 17143 11951
3508 16151 2591
22234 16787 12245
22630 9204 15447
18916 1578 8198
13651 8298 20510
16260 6685 21657
19669 23639 1485
13060 12682 10850
4282 3580 13098
6854 11540 22633
11271 16291 1199
11010 11316 23559
1472 4757 2386
6191 5919 9200
10108 13631 20556
13938 8475 17817
22837 20817 6976
20240 20314 514
12797 13775 22307
14729 9964 10532
14031 218 6418
18599 13813 2562
8505 2914 1833
7548 8266 24793
4793 7553 22068
2631 10804 7300
3870 5263 18436
13177 8064 18777
2311 22670 22529
2594 22505 12334
20093 1829 4990
2301 4225 7437
20646 8192 18836
3233 2986 4087
6653 2364 11440
18758 17737 5032
19132 18489 10337
1722 13292 10482
5881 21690 18804
4782 1669 16477
7559 19519 7791
6464 22609 830
14004 4971 15764
915 21796 18570
17543 10491 19069
7232 24327 14723
14344 12088 24278
3397 2132 11295
17545 21651 18793
9559 9988 183
19746 3686 2053
3909 18998 1569
23307 18599 1723
211 16122 6448
4270 3768 3981
3744 23279 18003
2496 2608 18021
22148 7047 22325
19029 22821 18857
24143 8161 25149
352 7992 1639
16840 10368 18206
4765 688 9920
7815 4105 19139
17144 6618 24313
16591 7094 6007
23675 18648 10945
16083 21027 16186
17383 17632 6633
15871 13798 13212
15458 24727 2807
1063 19484 22103
15975 6395 19375
16943 7654 1741
20120 8240 15613
16741 6697 14119
22361 431 9737
530 4957 14084
18398 9920 937
8569 22546 16903
723 13435 11511
23111 18355 5079
15989 17184 24577
14875 20747 13834
2284 23520 22422
16900 15985 13371
19376 20418 22407
20795 16387 181
4078 1806 12396
16401 14595 986
15630 19360 16029
6894 17335 20960
2312 16875 16968
12287 12538 10294
23040 21965 4508
20575 18770 18074
16907 21154 22062
17167 22327 4975
16237 12077 2522
5817 14139 10515
14970 13031 7860
16283 17494 10250
6436 21200 16803
8143 7490 19804
17834 21571 24396
23221 23548 8747
20446 22937 8062
19282 1246 21558
21581 11728 21463
10355 14712 11627
4934 24464 6149
1541 10916 19870
14664 24917 21489
18355 3407 16420
13848 9715 7954
19969 24136 2614
22189 21692 7968
23347 15743 8703
8947 15661 3593
24266 16042 18417
18208 20597 14851
21486 7295 11323
10458 801 2662
7093 12065 18510
7856 14205 16008
14221 3960 8080
1608 21755 11191
3279 20348 4315
11241 13040 6383
14189 7289 2754
9748 12732 9518
9046 15717 6607
7797 18795 12031
21256 16992 7473
9783 18828 1329
25104 17808 2151
9696 14226 21910
9667 22051 24491
9602 1367 25108
8899 18429 3405
7757 15440 20880
24342 13070 2416
22926 7819 13930
21388 20070 8757
8276 18215 24447
20860 21392 20821
25225 13268 14292
11438 15727 10977
21206 7784 1096
8836 22604 15918
21603 3480 23865
19194 20328 9359
18371 11117 22780
693 17569 6793
24033 25046 23494
14628 23153 1392
6347 23045 17007
16470 5472 11909
12191 1546 6488
13403 11585 23489
13203 21086 15722
4189 23237 24580
18420 9712 99
6697 12928 15769
7410 22873 4277
15274 2023 5824
19521 12646 2173
22340 10648 24797
17548 19170 897
7669 13678 5303
20822 3099 9101
1960 10415 3766
8546 2 7523
11862 11400 5790
21684 1897 21177
7144 3250 6267
18997 1446 7043
19400 19221 11512
18729 16950 12561
20329 8108 16945
5736 22241 11225
1515 8788 24574
642 10060 19441
5263 17560 622
5568 7195 20087
572 20517 8298
7033 10874 23791
1833 18570 6044
22129 22441 4619
15275 6032 5723
23443 18025 7912
9703 23268 8519
17035 6206 13300
19610 6522 12491
21305 17378 18166
3059 13571 24425
12929 17057 24712
20058 21322 13738
23828 17104 10791
11086 1326 23356
12887 9869 16327
9180 2262 5163
11617 13398 17215
22006 4247 229
23934 22475 7983
7253 19057 3508
2352 4848 3014
14049 2574 17148
12307 22713 5999
19827 16913 3367
13834 17531 14362
11972 19882 24054
11125 397 1346
16363 18419 23855
11687 4940 1091
4564 12336 2340
19407 12230 8374
2412 14849 4469
14663 20195 23736
20324 6573 733
448 946 14286
23206 15452 6805
14559 321 21727
6005 24174 20304
23964 23918 22944
3182 17754 13120
20473 7026 18536
16654 2822 7252
750 20104 9418
21395 11690 12153
2961 19404 24841
16298 15591 17638
15960 20392 16640
19124 11777 19579
8913 1033 24754
12398 13099 17949
25018 19678 3787
22700 133 10150
17656 9419 11582
571 9570 20210
24824 13133 5199
21617 7368 9993
16027 10513 17480
1424 8445 14258
21013 2872 8876
1565 19150 21591
2681 14567 22989
7361 4239 1173
20729 5311 10591
1200 285 3034
13263 15343 1433
16979 14262 21329
19625 1980 17904
15721 17952 21290
15808 11634 12020
15673 16635 251
9014 23865 17962
9639 21476 19017
5772 2712 23162
20745 15305 5296
5697 11494 19757
19498 16109 2616
11597 15086 9313
11102 7906 23406
18327 5988 12709
7163 12434 18134
6575 7468 1524
23161 13869 293
10652 5197 4937
9213 4626 23721
17155 598 16074
11809 1624 8446
9464 24056 1413
2212 21891 20818
4622 8941 15185
10608 21215 4209
24010 1943 19686
16373 24681 24630
11960 2550 14480
5169 12644 23652
24772 6266 20774
17282 10171 7544
9921 9298 13858
15559 9493 1074
9086 6332 16941
10593 13426 5615
90 19116 17478
25108 12740 9051
15215 6950 10137
20978 11055 4493
24626 11930 11413
2136 17419 9651
23720 2103 22170
19719 8664 18607
22069 8648 17588
20950 15401 10720
1026 11826 5654
21054 13909 9231
4841 6553 8353
18026 5596 10744
17574 24091 19640
17657 4184 6904
9850 3879 3160
3993 14362 13786
18572 22363 24322
5985 560 20265
5140 24631 8677
24111 19568 16289
19597 8198 15152
3198 16104 21843
10155 24940 8085
20917 14051 9110
17129 6741 8044
10379 15863 24588
19919 23013 11648
4502 17327 7593
11478 3843 3240
7070 20739 23475
5872 25098 1904
18027 20123 23157
5612 15134 685
6504 14724 8397
3340 10687 3612
13926 22677 16798
15649 3384 21308
19083 14005 21940
20799 1296 5934
8428 2575 10439
19832 1249 12612
20886 9517 20994
855 22870 23666
10471 10822 8818
23073 714 13472
1877 14642 18722
9612 22074 8654
15112 5543 25187
13495 11775 13798
8665 1356 11021
13967 23512 13473
7499 15798 17713
9841 24761 3430
14833 8869 5918
3566 9368 13553
8399 5136 15195
1768 9737 19236
7430 5605 23836
8378 8710 12815
16781 14083 13009
13290 3397 12777
9624 23302 5775
17295 13828 18174
21138 8252 1686
22525 3189 17505
10819 13512 7072
22510 22557 18966
16111 22707 2103
14997 7726 18109
24344 7505 17011
2721 24509 7003
21985 5573 23112
1227 17801 10548
13262 21124 22300
14536 17673 21911
8511 8966 9912
14149 1470 14932
2052 25207 21409
25123 17097 12939
1792 19177 9263
24300 2783 15854
20691 3656 23263
14389 2331 2696
6420 15673 15622
7285 11609 3861
16288 10358 4338
11937 5709 15094
6042 4454 856
6139 18431 19636
17527 17027 24531
11996 21721 22248
14519 7186 23029
23474 16598 10196
2584 18073 7347
5285 2083 24255
6173 17606 11735
15505 21535 12029
20407 11423 21973
10920 21826 12160
10690 5822 8526
19297 20275 1441
18630 15224 23228
14806 15057 15379
1230 20721 21620
23646 5432 19492
1868 12213 8215
12727 6791 21024
15894 12994 340
21104 21424 2919
1906 25049 18339
536 7325 583
4712 24835 17951
11436 9018 34
24457 13018 5041
24 10023 10065
6048 13840 14220
4587 18694 9772
7976 17729 4260
6775 4051 11776
5809 16529 914
8830 20870 5349
9540 2287 11692
8497 12490 20251
20924 22781 3275
8657 18305 6636
995 5663 21930
3494 19608 9916
900 20860 4669
2971 1854 15537
17431 20879 14491
22690 8956 7826
7055 6453 21909
6986 18610 13132
17019 3445 381
24336 10865 3818
18810 19451 16678
8795 4106 21371
23373 178 7475
4090 6344 7388
22092 16498 10494
24871 6977 4994
11525 5607 10832
17473 10385 5844
24484 926 3544
15255 21463 6529
24717 16287 2144
7601 23964 10572
19870 18171 16739
6258 19313 15755
24802 7465 22612
18360 6824 8970
17655 17965 2184
14767 3811 14489
15582 7700 2958
6090 9028 9592
22401 11618 16337
2000 24584 20424
20848 14313 22314
23790 17821 16897
3938 12788 7418
16153 24812 5728
2377 14803 6077
9911 18858 19616
18258 8795 17245
23562 14470 13694
4232 19091 13218
11915 4877 12006
23860 24553 18249
6382 18526 3198
12853 2749 12603
2026 2462 20179
13783 2166 18258
11046 1410 1728
23148 15588 17992
7932 23340 3228
8875 10094 8453
18197 7432 23691
2425 3505 18623
16871 15485 20025
22490 12974 18698
1675 15271 2862
9287 13462 22008
8607 4740 9976
22682 11869 15422
23067 2501 17672
18149 4000 14199
3476 10658 12993
6941 21872 6905
24054 885 18305
10420 13955 4843
12461 2962 10915
12088 4318 471
17709 11999 1448
5948 4277 15976
5649 19657 22873
17397 19248 18889
9523 23090 24963
4381 4045 19479
11366 11185 11550
20152 12888 8463
5471 241 6229
18000 8699 24838
5729 1569 6118
494 5062 10641
1731 13207 21447
17308 18240 13952
18717 24301 16081
20280 9551 1036
15335 24385 7132
14261 9500 18465
10583 19693 5521
13215 4418 24887
4541 23692 14966
13745 1176 17884
4978 3524 10742
9058 7648 24237
24178 2044 17397
18498 17582 5373
14923 10144 22777
22422 15925 18796
2359 6394 14334
12947 5231 4393
21350 4716 16263
7690 7475 12412
2563 6885 11819
21079 9908 13059
9454 22029 21883
12420 18905 19952
13338 6639 5831
23458 15611 2724
19243 18070 20318
23300 13993 22196
540 10020 12161
10325 17195 2015
2463 20959 24067
5439 18394 22002
10970 9259 20671
1710 17924 8606
17393 11501 18314
11772 22288 5128
13243 21138 21075
16509 12322 6064
14386 4540 12288
3770 18009 19325
19068 16636 17034
3815 21254 19863
9009 4766 16971
3272 20467 16859
19337 11171 23874
17220 638 11171
12530 80 23824
20358 21347 11867
21344 20637 16707
524 16660 6342
119 10773 5219
16347 23468 21716
10524 9134 13522
16974 14966 20646
11664 21004 24916
182 19979 5427
22373 18132 15646
15185 19456 7525
6478 8519 10894
4938 17398 2385
2812 24006 899
24934 15167 1201
4397 7750 12775
19329 20909 3355
24786 3066 4509
22445 20083 25010
19797 23738 19233
14302 22875 5667
5901 5757 7415
4421 22165 7625
9386 1516 2456
9652 12955 13308
3002 3845 16663
16375 7912 14041
19054 5803 8657
22845 22413 22666
13564 9251 16590
12608 114 12870
4139 4384 4245
14449 6159 24422
130 6404 9201
5409 14103 2831
8652 20676 17462
615 22895 14231
2692 14459 5717
23486 1180 21253
10280 22275 12816
1264 24535 14449
25205 3895 18398
16177 22004 23965
9517 2162 19816
7190 17982 2492
17391 4926 12823
7645 13365 13343
16204 16237 2904
13560 4798 9001
308 12844 19855
9365 5633 17842
3668 15556 17168
2948 24427 20626
3642 8733 2471
7495 12780 13049
8261 24167 4349
961 10075 4146
13944 17212 13854
3949 6037 9987
15038 4361 3522
12839 15959 13835
17244 4754 12430
22760 11596 18062
3714 9369 23588
13150 20775 17634
13052 10706 23682
7834 4886 14885
8329 14732 20037
21895 23414 13435
13713 21653 25233
19863 5570 4122
76 18929 4569
14637 5491 21702
3258 22655 16519
20534 16402 3897
11728 25151 10341
15686 24657 24738
23449 19821 8779
2413 4708 22454
15956 11159 23239
5161 17266 23560
20484 2008 15879
9880 2669 14802
5077 5925 19217
4188 5487 3650
1340 1693 10301
18419 19918 11959
22902 24707 6743
54 6109 24424
14789 12191 13986
15900 23197 13365
5387 7603 17548
7375 19944 1456
2538 8428 16379
12138 3137 1986
11216 753 3855
13966 11447 23563
25173 12456 2246
18858 1090 8572
18077 11008 17604
14556 22596 1403
15777 4929 18664
16564 10255 18754
7770 614 4781
13020 23678 9182
11636 6413 8311
5330 18951 24711
23036 15884 6864
18991 24371 23447
6305 3764 1947
13986 2269 16040
19338 24801 17110
15481 3027 12361
2472 329 15241
5519 18471 22542
21166 4034 13587
19273 9085 15575
24896 17223 18046
14102 6061 8645
2211 23647 7429
24367 9670 10799
6422 12056 20159
206 23379 5595
659 6924 7796
4374 12396 12919
25067 11647 20697
23420 21038 1787
18548 2979 2655
7993 15883 2853
12370 4922 16346
11131 5070 2354
17353 24338 13276
24534 23838 18903
10716 22147 18734
2843 3100 13407
2759 19422 17756
9473 23966 1
2899 14683 22358
3126 13058 13888
1146 7116 10390
19466 6226 5418
10571 16699 5610
6738 4604 6410
3315 6795 16162
1612 18721 16764
16589 22204 9881
10224 981 15685
18304 24973 804
7717 17865 22031
8292 3910 16217
10822 19852 22277
15136 7437 1445
16249 3915 3084
14257 9474 9405
9316 21292 6848
5217 19532 19903
13110 14896 9794
10859 7966 19524
1411 9986 22855
9041 23072 4313
12170 16327 9323
3357 5019 4761
786 3572 4422
2058 24211 15103
14350 19846 2789
5814 15517 87
3146 21298 8766
13231 850 6873
12981 10742 1055
8990 8924 23312
23904 7707 23415
19160 2216 21227
7503 16831 25204
4783 14334 1288
13269 25101 15010
8159 23119 20191
24978 6167 23512
8698 17963 16439
20616 12022 20292
2249 3610 21122
468 20596 19534
3621 8903 7207
25063 4261 3712
5660 4200 14645
18880 12566 22847
3181 22971 20307
15305 20001 21129
9135 11905 3935
6620 6836 558
8072 16377 15937
20674 16020 15201
17732 19755 20054
21039 11900 23068
6975 8554 9491
19108 23775 14552
11521 20565 14160
17754 10448 19891
16325 2145 672
10800 1152 24189
21941 16443 23924
12554 21935 8860
15921 5331 7541
12237 18601 20859
2107 2417 25058
21438 10215 19001
3832 17887 9460
13889 4285 4864
17096 12382 16841
9429 14168 6716
24729 1348 2970
1858 11369 13611
23666 9806 22148
22622 1485 11214
1313 9719 11617
6634 12269 7091
24583 22110 17326
3877 22639 3664
3131 3876 12328
22321 13493 22212
3579 17024 11754
18957 11804 22922
4489 10599 4970
12038 790 19107
19550 1131 7278
12492 10294 17700
19081 7617 7866
5554 15846 20695
21662 22132 1372
15547 6042 8948
17260 11225 810
9089 361 23772
22573 9456 20601
2772 14940 13187
22953 14048 21511
20233 10052 14469
11293 5328 17788
12621 19297 7684
23406 35 15042
6583 16353 10216
918 8144 23626
6189 12603 19180
24980 16162 22014
15404 18657 14609
13800 8756 23531
9074 13757 17688
9993 7095 11134
12711 5887 19765
13843 24259 9575
5028 17046 12067
7334 8382 22707
9448 1066 22575
8039 511 13241
3039 5493 10418
10906 10577 39
17078 25202 7187
18788 14341 13661
10765 12471 3479
9970 2371 2669
10383 8800 22344
4344 23484 24676
15848 23579 9966
6229 4672 1154
1653 10873 13554
14839 16464 18198
17505 16995 12948
14804 14357 9636
20016 13829 21758
13440 21619 17623
17430 9331 4939
13087 9658 5486
7905 23609 24156
8203 5373 5888
57 471 22940
1148 9056 11188
24213 14412 1508
16697 19020 22732
15568 8322 20736
9052 5867 12208
5239 7151 1251
21758 9608 15560
21475 24679 10263
22284 13157 14157
23598 12126 5954
15378 2516 9468
8113 18449 15492
17042 1312 1861
10620 15008 17080
16338 9793 11066
22882 10958 5314
12559 5213 1112
