25362
2919 9595 24451
15299 9102 1976
9417 11785 1382
23062 7781 3056
11841 23157 9792
7606 21008 12381
5981 10530 1081
21695 3110 21968
21114 10364 5623
17655 535 8781
18407 5774 3034
23105 4633 21005
19446 16261 6413
24654 12674 5093
24067 7872 5650
22518 9710 7805
11319 10954 15384
11029 18449 5356
786 7242 2642
18043 8286 23222
14819 20038 11356
3562 5373 22815
3256 6411 8391
15991 22731 10415
11301 5443 5563
902 2154 18962
773 10629 3036
4684 21573 9472
13488 2166 11679
20713 9137 23603
7277 6448 21332
14636 1762 22568
16175 20774 19949
21634 7502 15644
1581 9293 7424
3527 22982 20182
6971 18141 14077
23979 9006 20946
12920 9303 14410
4273 17095 6684
21538 7723 12213
19892 21535 2203
2284 4360 10750
12187 14278 2569
15474 7847 24989
18342 9456 11846
20502 1402 8712
18976 3040 17074
19339 21366 8514
1851 7901 1636
3888 10454 11819
10756 4918 17226
7465 9352 3356
11108 23083 20875
11995 15021 10314
11069 8248 2037
3395 3218 11063
14840 15416 22406
4180 17752 11224
5998 6517 15791
3209 8712 3012
18363 11089 9788
7088 17862 463
13704 3801 24725
15880 21437 25050
8451 1509 24775
10856 14781 21437
11019 20367 13690
8481 11303 426
19296 14647 20704
1515 17450 12983
418 3285 17985
15021 20122 806
22380 8475 14521
20569 2852 8210
13093 23458 644
12705 20216 131
7833 3775 4653
23906 6117 1413
21676 24139 3610
16226 7701 15435
10734 10811 3146
8168 14534 6528
14469 9731 13843
14887 11838 308
3288 9544 22506
16162 8850 4569
22341 23156 486
16786 130 8038
22994 8128 16546
23487 8552 16406
22064 10219 15111
1414 7812 22342
18447 13083 19192
10608 11185 1564
24610 11429 8885
12623 19273 3997
15803 19245 9159
11320 14136 5118
9714 771 6370
3160 11706 8533
9602 18728 11441
20886 12132 7485
7684 11864 11406
9782 11639 25273
24696 17555 3840
11845 6183 3400
22230 10861 2357
18753 17965 10541
6685 21481 7634
1798 13530 22769
19097 19721 20979
7489 21981 5707
6181 16415 16441
9613 6265 2324
5121 7490 6577
3609 23947 19530
23919 8988 18101
23436 18713 1610
15207 1879 11093
9302 2446 18197
2844 18961 6973
11559 440 11531
635 17027 18488
7942 16948 20584
4821 14117 24053
8424 22632 16694
10515 4073 9520
3683 14983 17600
16587 23822 17666
11185 15462 24375
24419 1450 17286
11361 15307 11000
17849 6472 23954
9998 3717 5403
11405 19426 5766
12557 6230 7255
21001 15192 19772
9003 23180 12964
2942 9729 16790
21906 5238 221
12058 15077 7565
24664 19407 21035
2586 20616 9565
6840 15386 17695
8977 24381 18872
6533 24184 15227
15161 12754 8927
181 1491 1519
24895 9881 10276
8501 325 7750
8700 18742 21352
7043 355 19334
16070 10727 18242
6017 7954 15332
17269 7440 23370
18727 18614 23332
9388 10904 5452
14701 2581 24073
10198 20416 19434
1631 22540 19562
14494 499 1761
20725 9055 4081
12893 13052 11776
11706 22823 13705
3394 11311 11017
14138 13820 10379
20089 14014 18501
19251 6028 9857
3017 21812 24996
4125 12764 4551
7802 18401 3332
1948 19846 19291
24311 17147 21709
21950 13774 8738
13132 2515 22507
1751 9610 13286
8306 10102 4777
7572 5412 5981
4970 9728 18185
15114 11963 18211
14038 17394 15433
21998 11188 25228
9951 12503 12358
21862 4854 11113
6358 876 4275
17937 22404 14257
21245 17590 16006
10469 1050 7529
10954 17342 14657
17889 9016 21506
18081 205 11537
11040 23665 24354
16322 21075 21374
4677 20356 12939
20601 12252 9023
13551 6692 20915
4291 2738 22847
13935 22368 15963
16766 9210 2421
1716 6648 21538
14239 17548 16473
4055 24377 18831
3812 10925 921
9131 15906 20597
5972 17878 388
18672 17298 8178
19093 8087 12086
10610 18027 16251
21474 5053 11413
18300 5666 13033
22721 12556 17765
8874 18194 22000
14448 24076 11338
17569 17097 5929
23315 21630 22156
6642 8335 6040
5188 13475 10022
7262 18562 1031
17263 91 21327
21192 8879 23046
7338 24781 5677
16674 11505 15876
22918 14605 12370
1871 623 9346
10980 23577 14925
11084 393 7373
19019 22268 21106
24535 14056 10574
3059 13713 11937
25315 2484 714
688 7069 16376
13133 5906 18292
7584 20606 14038
13362 20353 24168
847 24290 7066
1047 5047 19409
3986 3576 21616
5518 7081 18724
22784 3555 15650
23622 20174 9223
4253 9826 24236
24348 14235 745
21856 13912 18646
12596 7733 5144
5388 3833 12888
2094 15070 143
9577 22810 12934
4727 4938 9168
7732 22913 14885
7804 24566 11970
6786 10864 13687
23013 23126 3712
3842 2817 20112
13749 1678 7001
626 6618 11080
14250 11095 13539
11643 18236 10147
23384 654 5942
19811 16563 12560
7296 7660 18810
20775 20855 13492
20665 251 8622
4413 2589 17067
15969 20731 17906
9042 15282 13763
6646 20701 21680
21132 20902 11174
4391 17646 6695
18028 24984 8561
5372 10072 20225
2168 5187 22500
22494 19736 21403
23331 23932 11710
16508 16639 12768
20774 22707 1880
5171 2144 15300
24271 3281 14842
12113 2659 641
19594 3079 24824
19505 10898 5138
6505 13004 6065
6733 24738 4254
1287 14774 3108
10917 10190 12308
1891 18066 15558
15797 1697 10342
24771 4772 8086
19985 1209 12259
24036 10218 8715
17325 983 8969
9865 1445 19405
14408 14971 18884
6298 16704 23904
3009 17425 25252
7426 10055 3175
16857 1126 9642
22967 19447 5744
22110 2645 8465
13029 22529 3217
8117 23612 1987
25002 46 13472
6288 5117 6451
8909 15761 23777
11149 6908 23124
22215 20011 15031
15660 23223 1486
1147 21231 18128
23693 5508 4104
5717 22181 3894
2832 5990 1334
4386 19601 17862
3750 13287 23352
17070 13116 10676
19499 2363 13214
21053 6956 15331
11880 12333 23849
14414 2294 20027
17080 17068 63
536 2895 3590
24212 11161 10360
12104 2132 19985
22443 14328 13663
7383 15485 18747
629 24359 14471
10237 13254 22042
20669 22010 10052
13295 20969 13728
14829 5280 4345
3285 2392 6002
9109 21249 7531
2542 12695 13331
19496 9150 20422
13700 2419 25094
4736 21699 10950
3462 22093 17344
15241 3824 25151
1980 13932 16235
4209 8649 11262
19131 8844 6734
2254 4881 20729
8784 21364 9939
12817 3085 23319
611 14378 3540
1946 23285 3935
4915 23824 23312
490 13996 1020
18236 16874 23139
834 6463 21294
10415 18004 8005
3101 12455 21810
19227 20250 23486
23579 24957 22553
10460 8544 25127
17783 4023 13629
22121 8506 20418
9816 4230 5577
11741 17223 6744
16176 2541 8215
19951 9614 14716
9502 20455 3449
20454 3252 1893
11334 17936 15769
14102 14831 10619
7851 13754 18534
20237 6847 5129
3779 22660 2737
19317 2947 22989
12420 11498 20312
5935 16890 8332
11474 10175 16682
6308 7597 10590
23404 16123 22696
15275 15845 24225
21967 4155 17376
10516 8933 17490
9658 10302 24657
1896 3077 6307
8332 19106 3503
21172 1378 17206
10767 14114 19066
4394 10591 22882
18556 1925 1281
1521 11227 10283
17687 17072 2645
9163 20313 22205
10393 15654 10812
18197 15424 1142
17433 9698 24458
21397 17886 15566
5446 23530 7332
10575 9164 10146
21073 20930 19504
19826 1831 9258
6827 21551 17556
19400 23033 5670
7998 17831 7105
15083 14691 24195
25230 2054 23875
1197 300 21232
20155 14095 19739
16367 7588 11749
13737 6790 1843
18896 19950 23907
10338 8149 4998
248 12017 13757
24808 6096 1664
25131 6770 17137
17498 6576 8395
25247 9143 7444
969 12937 3283
10647 14770 6782
3133 5587 23823
15946 23292 12184
9544 4050 24277
2112 1087 13236
9254 8910 3599
23831 14035 13054
3706 22213 19462
19252 24485 9597
25058 16037 14304
2989 14304 14283
13328 24077 8284
3988 22664 9689
14215 4988 24259
21188 7422 12101
24940 21620 19988
9257 17938 18984
3969 19153 6854
23100 19582 8730
18445 5669 20465
1475 6459 9314
5684 17170 13802
17153 14186 24401
12154 14213 6642
18917 12415 7617
3312 2513 23270
2686 1018 7051
13754 17498 16931
22458 3668 13303
15953 19536 15737
15883 1575 5249
14382 14571 21129
22196 19663 10394
19927 12769 14999
15361 4576 14176
19666 10343 10365
16020 14537 13978
8949 16489 11836
15848 2343 16142
22465 11917 23554
14973 9415 19212
23268 1961 15136
9320 11333 21454
10681 4985 14317
20843 24606 16830
15931 24812 25290
9339 4089 16727
2188 8759 5364
6363 16295 2535
3918 92 16758
13658 8619 18818
2483 19165 24326
16629 19969 114
4458 18140 9808
216 14409 1370
12209 13946 11269
24769 21057 5828
17572 5785 18611
3957 6206 24554
18623 14455 18584
12985 3896 82
23362 3945 13580
12350 3230 10385
8218 16899 24129
22348 16106 7232
2301 15788 24422
1643 7520 17939
15333 15238 24005
11598 14652 15474
14580 7380 16896
22253 23988 21940
2124 18654 227
10031 6775 4199
2213 4993 20442
23911 6730 21070
17122 9499 13308
8543 20230 7039
7057 12633 3480
1427 11379 17909
6539 12935 19225
23971 17473 13480
6147 6822 21846
17533 10516 1441
6492 13838 2269
15630 1273 25077
1564 2071 5521
17845 9873 2980
11453 3363 6125
14176 19404 7230
14340 5900 22238
4957 19096 21892
16371 8077 3566
2128 15928 12455
5437 5066 8566
19055 1559 1940
122 5052 19044
168 14733 6268
2073 21501 10661
22876 17686 10197
7831 22296 18415
23456 11530 14956
24393 5858 20635
644 16338 7799
7822 13484 247
4027 17794 24599
24560 19912 7894
17074 19058 19625
16899 20342 2881
18618 13221 16648
7530 23711 9514
1000 23559 9783
24674 7395 15979
2359 5933 22596
12246 13112 9869
6447 6707 19545
2877 8711 16846
7641 2246 20370
4853 9922 23976
13061 4208 16294
4543 17424 9416
19476 22148 13186
15755 2930 13409
15427 4326 6804
18260 9460 6380
8651 22767 19589
8705 21291 2111
22351 577 3588
11169 8199 5032
24726 5762 2937
22026 9908 8276
24136 3384 12291
15763 1295 2820
14534 24941 17520
15320 24481 11300
14599 23234 16324
19054 12842 19665
12848 21246 4471
18576 17391 1167
8047 834 22623
9199 8360 1379
23680 3722 2072
2625 7159 18550
1340 640 3958
4651 1259 20097
297 7333 6792
8753 7933 22379
21738 16849 12284
10 9347 4034
15404 320 815
5272 22484 19199
5977 13776 4528
11546 20541 18874
24453 24584 2077
648 9256 16001
13953 843 9096
19110 9781 20531
23698 22618 20047
4983 6216 23619
24252 6863 4461
6691 16214 5040
4087 24910 14614
11527 5530 2786
20018 17704 9711
1613 3128 8133
1103 2024 3150
15271 11627 157
19716 17355 2991
20062 10421 8805
17788 24027 24704
3076 18396 4121
19728 9395 21266
13156 15048 16691
15828 12209 19905
22673 749 3104
16405 2694 14086
17739 21712 13647
17906 23259 202
12755 12411 14666
4123 16265 3860
17797 11738 16399
23640 15338 18672
16829 7203 7155
4701 24216 22193
11789 12814 2238
20317 12175 8320
3687 13589 2305
25047 6293 21927
4896 13682 18767
21108 21856 17820
15719 23627 15801
10340 24952 6615
17456 10479 20663
18461 3490 16099
5038 7111 9742
23784 5570 4731
2776 12713 5863
18110 5976 15376
5218 10515 10516
10807 7281 5882
2326 8220 21448
6919 10035 1724
11449 16799 9130
6098 10136 7270
2933 23873 25241
18965 15585 25199
2540 9988 6292
7010 16843 23017
4255 5294 16619
23185 22955 21503
24817 23716 7822
18156 12012 10500
15661 6070 22516
3097 15959 4872
729 5652 20685
6969 503 976
17609 18910 11890
8062 11679 11985
4643 4947 16586
7159 12727 966
10367 4667 778
22764 23073 22106
12008 24096 8811
14290 10581 9216
17197 13463 9064
13735 6165 23615
5559 21808 8394
7999 13943 4689
7129 14340 24874
14060 2353 7309
15537 16681 2687
21236 7562 19812
3255 18894 11337
15568 11977 23080
17823 3537 14337
23960 2785 10237
19357 19492 3650
17221 7288 569
44 1783 23175
25106 20501 1383
13590 19867 7885
10121 1746 12576
16513 8001 16163
15011 3356 4630
12082 14395 19893
6191 6739 10451
4838 20933 6189
958 5156 4958
21353 21135 16497
6049 8427 2842
13813 13999 5317
11865 14434 19856
1373 680 863
23279 965 18304
5142 18641 9672
9780 11543 17823
20327 22428 2800
10758 17724 1660
21446 2988 1591
9486 6549 20762
22170 20658 8813
9523 9629 6950
13226 19010 10722
15311 15156 2904
3700 4807 19602
13513 22259 19103
655 7546 1953
577 5492 14571
4211 15699 17585
4344 19398 14113
10343 6936 5224
22562 4063 14689
1750 14870 9673
1314 9552 13430
22305 3520 12531
20380 12970 15919
4623 18171 23035
18906 17614 22442
7753 18482 16231
13250 18583 4463
2044 11332 3138
10157 6321 4982
12452 9964 7965
12572 15514 2002
2533 16857 18353
23727 15998 24177
16369 11423 896
6889 18973 23733
5753 21641 7385
5396 22440 9272
20794 4312 23649
14237 18182 5771
18833 13474 22648
8830 7028 5781
6993 16169 15697
4120 10662 20144
20425 10553 12112
8107 9295 20505
8159 23787 7923
16903 15955 11616
5237 21110 9379
20275 18853 21909
14606 12600 1918
19071 14926 13290
3323 12382 17
15036 10525 688
13337 902 20833
24499 23744 15649
2241 12357 8677
8750 13172 19746
1666 16417 21721
20538 4538 21537
11283 21965 7582
25000 16782 16183
20939 23419 2851
22469 13783 10206
12156 15712 18027
4928 15879 18998
6048 13864 13929
13860 11100 5568
13992 12287 5279
19756 24623 23522
13771 23013 9882
14770 16758 16077
15589 1703 14584
20194 7671 11523
23922 5694 5000
22658 2503 22282
4627 4695 10097
1623 727 23442
6594 19810 20573
8234 10709 2419
3422 13509 18606
5355 4813 9637
24851 4129 10796
464 1631 18176
4900 18690 4709
22278 13625 13246
22336 5769 17318
7894 21586 12706
6373 12348 599
12798 5887 261
11000 2229 23221
7299 5310 8771
4564 24892 2233
856 1189 24924
24890 21206 7203
22600 3158 14140
16721 12412 14587
6045 15563 11156
15327 17276 17722
5300 8945 12654
11798 24658 12814
24175 8821 21588
10285 256 11370
23220 1123 8883
13400 10523 1702
9076 7986 13767
9162 4193 22489
19850 5193 9262
21348 7359 19057
17465 3452 5769
11140 16721 5077
4304 9843 4505
244 19712 10267
18799 10253 25268
7972 8391 5495
6330 19783 11953
3644 3524 15849
201 16982 21233
686 12062 6483
9725 12253 20785
13189 13020 15086
16478 19352 12752
5728 13316 24022
2403 15113 22091
20124 24675 24640
13909 22139 12677
25005 24854 100
12516 20291 1124
16951 16071 22306
18186 1141 16268
5471 463 14764
11684 22867 13882
24099 3987 19952
4583 4602 1246
19764 10370 12775
13243 794 8382
13429 11641 519
15190 21756 17635
22768 23338 21098
21391 22303 10907
5834 18391 17474
17368 2531 17004
16538 18685 17178
15031 12522 10355
3391 24442 8917
19627 24314 12613
25199 4001 6096
21820 25012 12032
7707 578 1808
7245 22572 13096
4281 21597 6873
6211 13405 2263
12803 7116 23420
18794 15044 15077
22410 18809 4962
18055 6508 21713
463 7629 2506
16699 6995 20240
5626 21917 6330
23881 20797 7661
22638 2002 19273
18517 16494 3113
21586 10520 4985
12667 22056 21009
12278 8434 19152
15892 10398 2378
13628 11661 18943
1405 21162 8232
21639 16152 4532
15579 21241 4730
12470 6361 7440
21780 23467 12389
5577 11273 4609
11635 1514 4615
21510 22327 21480
701 13547 2166
24371 2214 24113
9750 17889 18687
10476 4786 18908
5185 24700 19104
16597 11471 19381
11921 170 6917
10843 8534 5391
7963 142 15601
6583 12112 6150
24825 3648 9923
15674 18736 2148
8382 15751 21797
937 4246 10368
10893 3614 7654
1835 3210 17268
5595 24534 11491
2814 6336 23543
14996 8661 2458
12375 6842 9765
10539 15807 2206
6251 16467 16505
7198 19393 12050
15911 24180 21311
6781 8785 14018
6418 24259 12853
24841 20808 7344
1837 10163 18203
15983 15304 4394
17972 4471 11632
2638 11128 21991
389 12834 22637
16120 5646 9019
3517 1600 9974
18498 4437 19475
1061 6148 3795
18014 5602 1208
16998 20164 10844
23529 2797 4024
5845 19816 6174
9447 12334 15842
10071 13121 3761
11954 10566 8855
4484 13657 1206
16431 2623 20285
6712 957 10626
9322 21405 20337
4602 17239 17091
21899 509 1340
19530 86 14441
5345 3594 6231
1242 17198 20391
22454 23504 23905
4653 11171 24468
6615 13361 18354
19557 4901 11569
14929 21766 19786
17319 13596 15252
2729 15626 22966
9926 16194 17385
18681 11584 14209
14930 13171 4298
21306 22926 3670
23968 16135 23690
3922 10449 4242
10006 19129 2534
6826 21262 24894
23142 6523 12492
24722 11042 12726
9703 5573 3271
20628 21327 18233
11233 3871 1816
7697 10993 10870
11495 24411 8259
12766 2933 10329
5166 20087 15543
23452 23253 19134
20531 22940 17433
11815 178 13139
10290 15975 17152
20084 4003 14308
4780 11867 18735
13439 14902 6765
25270 19215 6211
14901 8584 21182
8574 2019 2439
24620 7522 21636
14657 14491 12182
6706 224 21641
9908 16365 92
1329 5305 21567
11193 6653 15505
19452 16526 10800
22138 8479 25014
5082 9678 11512
16258 18108 6128
3345 23890 5887
22833 19316 9447
5004 11378 13488
21987 10607 1475
22646 5810 5189
19559 24929 2237
4248 920 14793
2781 23382 4158
2452 4282 17039
13031 8511 663
23762 14077 7718
23961 12889 4279
23029 5721 2248
23457 19607 20855
19177 18313 9016
8622 18347 7837
83 9270 24059
15487 1302 15177
8053 3406 24962
571 14579 3255
9216 3161 17811
18856 4491 1895
24024 17804 14214
6343 2627 16055
16581 10777 6144
10708 2997 1355
3917 24872 8661
14111 14377 24504
20969 2103 4915
10604 5978 13274
1998 20564 9539
24968 5541 13366
12324 13340 7695
11377 23389 10426
17048 8068 10782
20930 16596 4436
18522 8029 18055
5660 17132 5609
8668 5414 12891
5784 4722 4822
16989 5342 22921
346 645 16964
16976 11831 16346
3494 22147 5458
8265 10250 18007
22150 21650 11366
11379 18529 18451
12936 21905 12422
5892 21397 23178
21940 7577 21163
4151 3326 25047
16527 20116 18381
14749 5037 19701
20348 1758 3855
3845 21634 23327
21021 19634 2694
3530 5088 14367
16290 1349 8422
4511 18780 22726
25149 18263 21747
9217 20707 12155
4387 4391 2608
21281 3741 352
17692 13448 8600
17412 18941 1320
4642 15461 7694
