25820
20891 5659 2698
12526 15212 14966
18448 14953 8716
15326 13378 8509
14599 23412 13013
21504 2216 18825
8926 11060 18405
10541 22283 23910
16059 15901 15180
16392 5418 23400
23458 23554 22099
19230 19279 24508
7240 16819 12007
1557 3004 23173
24811 9273 23373
15266 1473 2277
21216 1002 49
11599 20872 17649
15785 349 2853
5468 2148 13504
4492 3320 12348
17626 12014 4770
14391 10031 17950
13798 17738 24529
21469 24751 22119
10972 24529 10088
19789 362 24345
9856 17704 11949
13908 579 23236
16245 22363 7516
12806 7674 9420
25349 23868 9034
3726 14543 10243
16713 16070 15710
4148 2680 3194
19659 22826 18699
19934 5907 14273
20109 4412 9353
8648 4351 21840
19009 16495 5981
3850 2851 16829
20989 22441 5903
8813 145 11480
11972 14281 12025
71 10161 23501
11511 12786 12792
12610 9612 5191
9347 24329 4550
10819 5344 14638
851 2853 9879
3141 4607 20814
7620 16148 5338
21800 22831 2705
21268 18331 15227
5852 19424 10783
14632 22734 22555
14888 4865 18203
6400 25333 19324
7058 2198 19832
8344 10280 22790
3266 9607 2536
722 8103 14364
14501 13726 15864
20403 22101 7493
5748 16256 1531
19518 6948 736
7904 24060 1625
5241 21793 6133
4960 24440 20471
6259 17801 20668
9275 3522 14122
3531 16681 18455
5651 20394 10875
8006 7110 5005
16447 16992 13957
5009 2215 19385
4285 7094 11716
8592 11563 12769
18129 9796 5508
5612 16307 19270
24919 10012 1594
3704 3942 10622
756 13125 8884
14752 1932 22444
12957 1011 19513
2612 6304 1628
24164 2594 1599
8507 7198 13465
7572 8583 14745
6952 23603 10159
4005 23760 6226
9286 23902 4272
15740 15044 12548
9368 15119 4237
21408 23901 19301
81 14909 17792
1207 13260 1158
25767 9752 17634
11014 13099 15035
21048 935 885
12333 15606 22743
20579 15546 23546
20389 31 23442
23760 20724 22698
15875 22150 5743
4879 628 19787
16627 13537 5260
18060 1198 19726
24268 15098 10421
15477 3093 762
828 22392 13758
396 2242 15109
2892 18756 20074
17864 5713 6831
8103 15259 21919
23446 2847 154
21916 14942 14304
9954 6461 23292
7698 756 20620
19801 24402 2031
22240 13046 21179
12211 22184 21254
5896 10377 22258
20850 1076 17340
12054 9896 4905
17597 9837 6914
4578 7938 6184
2561 6500 21628
17414 10400 7122
2549 16343 13700
21710 6594 17664
6677 21251 11571
22831 20416 18243
10605 3409 1349
5183 13982 11432
3775 9345 10346
2758 16536 20720
18241 17296 7419
12428 13204 15846
10028 14806 22843
6588 2474 19615
981 6864 20640
15100 18798 14441
10714 22534 21771
7781 12086 15307
13098 20395 19518
11097 17919 686
20341 13642 775
21662 19961 17108
24374 17111 21347
16872 24925 3123
2113 16661 7692
1925 5508 5459
22405 8787 19428
7519 652 7788
7469 15250 12748
11034 11808 18102
12912 22193 15895
14312 9432 11150
9206 24234 20026
784 6714 16273
2862 4248 17908
15223 2376 3994
5527 7804 9321
17699 23505 4689
20786 4954 5796
10959 7745 6962
9205 22455 15845
21447 432 1186
13872 242 9122
24648 777 13906
19346 10845 22118
6374 16372 17199
9466 12620 10645
2550 5220 14448
19709 10080 4376
14226 920 2566
7935 17840 4966
1712 4759 20888
12980 16264 2077
4618 3979 2614
19471 20894 502
15703 23716 14742
7337 5306 22685
24349 16018 21589
9156 19061 5609
5948 13553 15400
2515 12001 16042
13821 24049 18627
25318 10313 1263
6114 15302 22300
19929 8384 6871
958 22519 1840
21864 24627 4088
13564 25290 12142
11277 3631 22727
13469 2689 10750
22383 10124 9087
14385 11310 19784
11730 19137 17439
25032 20807 15896
13515 21060 17440
6132 9477 24395
24504 22405 20092
18172 23368 14737
25030 2817 15059
2984 7653 17564
9406 3455 14199
6042 19933 21752
19604 10906 9536
25278 6376 1901
430 17959 11895
4506 7594 21352
16166 19178 11063
18130 9965 564
9293 12190 12236
25111 8955 18407
19708 13923 20365
21796 11203 2972
5073 15976 19220
19406 21095 6057
2456 5709 4878
5813 14324 10789
22137 3135 15571
5944 3659 10268
8676 24179 6160
18917 4477 2950
11164 19693 10853
9713 23109 20280
14073 22036 4170
2813 8869 14900
2699 14771 1181
21613 24434 8749
4910 19092 6909
2165 14974 7284
5493 10679 12897
9416 9575 573
21238 11282 3265
8410 15716 3092
4666 6063 6984
12143 14858 23993
3557 340 2280
16479 20764 19514
11872 22212 12967
20270 6040 16321
7699 19739 8961
10312 7487 11975
3519 8079 22904
19187 20055 7219
15012 13064 19976
8453 18513 16750
16502 22533 616
9922 6537 21134
9557 23624 5341
21941 22825 8170
13666 21378 4620
16798 23278 6385
25575 16075 21298
21964 3209 22543
22028 2837 3262
8967 19656 6881
2576 21882 10312
21442 3862 2500
25186 22673 4729
23066 5926 17797
5481 21644 4418
25156 15015 19908
8637 24562 21972
404 4170 8975
12102 8400 8240
17756 12524 4143
23177 7316 21660
19779 24026 5838
15363 9499 8074
17006 5980 5318
17156 21969 8452
20798 1779 19412
19841 4857 16664
23710 13497 5741
1160 16436 5385
16100 2426 10108
24824 11952 460
2583 22629 16966
11299 24497 14678
4523 21918 17240
9631 4579 745
6127 15461 18532
2081 16414 6716
4184 24765 18327
24921 24988 13897
24765 3684 2540
25655 14842 3438
15381 7557 18186
19940 10832 12733
18835 10945 17353
23288 22576 4947
22586 19816 5855
17230 12981 9496
19891 7140 5893
22201 11805 10469
24810 13297 1794
4833 2102 16556
11508 9158 163
12174 370 3137
13302 6281 3173
19232 7362 24239
5538 19138 12518
10782 5587 3018
3221 21111 7390
4822 2934 1770
259 3672 9920
1389 17663 13253
11685 4973 18704
22565 11873 16193
13887 4343 21895
17481 13676 12683
18401 1552 2138
20188 15646 13727
16340 5842 5078
1835 2246 16336
14756 20346 6500
14027 21503 18826
5361 534 11821
25775 8895 14337
5062 12580 10133
4540 9225 12854
22868 9710 12075
20552 22177 15757
14464 20912 19344
12369 6388 16166
155 1163 9073
20023 19902 20185
18465 18550 4431
23752 20970 19961
22911 7463 14612
24423 7247 23741
4086 6668 9144
18716 15746 10244
19505 9302 15671
1388 2461 18568
3130 66 4285
24544 18185 21051
4324 2320 19889
12661 14468 1468
17581 150 12955
24079 21542 2261
4593 1300 24401
11431 3894 12482
14432 15437 3320
2183 15712 13231
755 18000 10292
21309 1273 10874
4312 8117 6086
20945 20690 2117
3098 20767 19881
9239 22773 388
24689 10555 10450
24879 22083 18503
18547 1750 21851
15159 19247 5691
19898 9675 7684
20470 10230 12457
20467 12267 17015
24059 15357 12938
311 798 90
14301 24654 8921
6222 4025 16643
14920 8494 3658
24835 17740 15273
18013 9387 15618
21565 17345 21398
2585 23185 1631
8136 3369 4585
6551 18877 18697
1270 6424 5094
7950 10590 10718
3174 20591 16679
10573 984 18079
10537 14627 16961
358 16951 9738
21440 20169 1319
23497 14867 23884
2168 23741 18234
1889 552 8628
7160 23769 22978
23369 4930 11392
3936 17027 23677
12680 23675 22031
21339 19777 11302
13947 20257 3706
3063 22987 13245
13188 9650 19969
17307 25238 4849
13442 5097 13835
10456 17235 8660
9297 10733 10930
9179 24985 17658
9967 876 11454
13723 4497 6460
9163 7275 1087
4399 24188 2364
15424 19645 12188
9128 1856 1696
20709 8517 5536
3322 21248 24304
22279 2655 15990
2708 15082 1936
22453 22857 13806
6458 14495 13985
19447 24804 4463
16026 24737 6592
12394 22668 1894
10761 1684 12700
11529 6044 8802
18273 16200 22997
22454 12554 16712
22081 15118 13913
16863 337 22193
16452 23025 9706
1711 15050 219
25075 25057 14814
1087 12294 18784
8328 18136 15839
3366 11911 6379
20287 19011 9946
3458 3798 7733
16821 1731 18668
3797 13329 14005
12669 17832 2217
22156 25009 10007
23659 22474 9395
10003 9021 15787
10406 2854 19205
127 682 20746
18962 19342 7271
7030 13597 7655
18675 4668 16690
10122 20985 13297
21832 1514 6751
1287 16306 20326
25442 24276 1052
13838 2293 4359
13770 23190 19727
20091 10811 8859
3605 11682 1392
24106 10970 13627
7388 1282 23213
4251 21279 8885
20992 21832 9588
4106 8628 4949
18212 9954 21442
12651 648 1590
20651 13229 794
11384 15739 8839
8413 938 20199
21017 25240 8541
219 4048 18675
1149 25226 24195
22524 9712 23662
17824 8180 19295
19888 12328 7712
25642 2093 12058
3476 8367 13156
18593 22258 3161
6175 16869 9485
17563 7655 7253
11243 3244 4939
23064 20787 7110
825 9110 24324
15928 12236 12670
1237 9119 11221
16425 24598 13440
15564 11335 548
15369 8154 21373
11334 18484 7846
24202 2079 8634
14818 10362 14065
16600 20649 14539
21487 14436 19940
14894 21675 18050
11937 3047 702
22000 19654 16116
7273 23844 16367
12775 25065 23341
17364 24886 16256
4377 2171 3910
6507 23945 19411
20834 14402 17022
4362 10290 9897
13028 10476 12172
20135 9529 14387
16549 20215 8846
16478 13884 8651
2054 24481 8570
2879 12792 16082
9792 11743 8375
13436 7204 1657
15605 7712 15924
7739 15785 22062
20760 10927 7648
9874 8280 12323
17482 278 5362
6721 19548 14249
6771 292 4015
18789 7912 18133
24297 24815 15326
20430 16927 15151
1616 4112 18873
3655 105 1400
2263 5865 23625
5052 14348 18779
19300 11369 18237
16323 19840 15342
8722 23245 14316
6727 20901 5026
18882 13769 608
10237 10204 6441
3807 23633 9754
23090 21927 3501
18942 2969 23797
16140 10684 8542
21136 4997 17941
8548 14641 213
2936 23881 24184
889 23671 18176
18625 17526 8461
12261 17575 23028
5984 5757 10495
24252 1137 13394
11425 6754 6371
12868 23216 16692
39 10210 18734
21891 12 4787
24090 3500 11087
8194 25224 19664
16477 807 14872
9665 13380 6067
6008 4991 5074
11775 6104 9233
5546 1240 442
4702 4252 13801
7200 5080 16208
13582 14249 9501
3755 10972 23325
1007 22830 12950
16753 21583 3771
24458 21623 6488
15923 14199 21012
24228 5434 22225
1760 9780 20869
22754 1475 6409
11230 9811 12423
8889 14018 5909
8376 4209 12189
3548 4750 17266
476 4708 8991
19138 11581 1676
7801 17159 7772
4994 8848 11019
17958 19990 7310
1362 18323 1110
16113 18885 14453
20133 17731 7070
18446 11173 21850
13626 22797 18578
22090 13646 8753
20534 10673 2762
3021 4024 5291
24138 12477 13656
21284 24750 21816
21089 6192 16203
14769 13003 16003
17273 15813 17410
132 22058 23604
13282 18616 21211
17909 2584 11750
12006 13215 3946
18314 20034 2787
1606 7393 13076
9556 10310 19533
20150 8757 24103
1190 6402 9803
8845 4144 13206
19565 15551 21948
11740 13096 14027
15467 23772 2615
17514 6103 342
23334 21210 23785
24119 18021 14332
6604 1344 3395
9500 1059 5240
7124 7396 21423
6813 11191 21685
25107 19875 23408
3903 11758 13119
23603 1571 10844
15179 6669 24349
25268 25176 22226
24636 11479 8635
14862 20461 922
13806 1560 22394
14082 4812 2746
21313 7170 1443
21196 408 16088
16205 200 16593
5331 19445 14545
23140 10886 7566
25622 18669 20302
23386 20306 5848
15138 22306 12375
13173 17453 637
23224 959 6531
1497 3541 24340
14360 16576 9657
618 24813 3876
516 10619 3867
20913 19272 20945
6348 15391 17032
11842 783 19699
695 11027 12651
10872 22838 17939
24982 11781 16408
10350 18849 10172
19731 6707 2920
14725 15325 9277
18385 11517 3356
11644 10390 22819
19897 16064 8679
10263 7438 3806
16589 673 6010
16002 1637 23479
17365 10333 8118
19794 3763 16218
2424 22698 11294
2397 20141 15961
12072 9001 5132
11957 14102 1987
4745 22586 15435
2339 12965 14603
25723 6021 16329
8343 20935 15538
15518 5038 11141
14129 21267 256
23021 13409 7771
19135 16685 10911
23637 4872 20843
21551 21569 14417
14300 17716 19127
22342 20187 3858
10921 4882 11557
17348 9197 10995
9646 16900 536
748 24840 14823
6766 796 2874
1663 7588 14669
14178 15476 9656
11026 14618 18001
409 2745 19496
7480 3586 929
1124 9272 424
17728 14066 3923
24613 11138 10202
20289 14361 14185
8988 10222 14986
20128 2709 7422
4463 10783 22650
11814 24095 12606
6642 1338 3700
10709 10915 22167
7193 13946 1661
1812 21412 19170
18749 1486 21082
25399 7518 13347
2060 13807 10895
12014 21188 23834
10864 47 979
5425 21139 23945
7360 9662 23198
17818 3688 6333
16922 18106 6682
4287 3307 23124
5202 4362 21513
25596 14992 5748
5106 6326 24257
4462 1263 22640
15061 10587 16505
22636 5321 17514
6070 3288 10358
23501 6538 3487
19047 2159 19952
20733 9922 3323
16276 14151 22807
2041 18216 3551
9743 22941 18782
23425 21439 7893
19075 149 8751
17963 2790 24473
14553 12721 16548
17154 3179 4603
23374 18278 20984
24114 8822 20446
13391 2370 23085
21425 20078 2832
22 3177 24433
18904 18980 22227
3029 9963 14964
13829 12858 17513
20660 21991 14503
23844 4253 7926
10207 18150 14477
7755 24987 18257
22503 13448 20141
14961 23318 11658
12711 15932 20403
3352 24738 11782
8918 6043 19575
14675 16622 2270
9605 20188 21982
23531 597 22946
8438 17248 15639
20192 2536 14377
5290 9015 17847
6855 3712 2854
24589 23976 9189
11907 8735 21723
12215 2933 17316
5782 464 4
545 1003 16933
5584 12113 16910
12685 19384 11524
8324 1882 20587
22050 2989 20481
15060 15145 11907
9895 6515 3972
21182 4538 3575
308 6231 15371
23350 4444 14941
3291 20867 1320
25309 17069 10023
21874 5807 18966
2218 13834 20245
18619 3908 11888
20157 25082 7835
18819 2247 10064
21533 4096 5155
17250 14984 3272
4036 24365 19476
17974 6796 2657
17668 61 6633
21732 9660 6973
18106 19363 1873
11832 18935 7957
14010 8670 12566
19201 2037 1510
11807 5959 16802
8500 1588 10516
2024 15892 3241
7668 16642 11699
15666 19615 15395
75 19592 21888
11559 17424 22345
3978 11638 8168
13713 1960 4061
7227 21768 23907
24945 8035 14965
23954 14217 3755
16949 11246 10827
6714 14691 18358
23281 12928 4127
6117 22822 4935
18500 21435 20273
4605 2890 17156
4899 10272 1223
9749 17761 15806
17741 20107 13877
10494 12131 21001
9378 8252 18775
22302 1817 22578
19650 13163 18583
8054 1417 21110
9513 5169 15391
1936 15337 10154
4743 23229 4494
22797 14163 10299
17810 1094 17061
19121 14380 14017
13341 23075 13027
8575 3616 8499
8467 19313 21427
2880 19243 9040
2788 15665 18444
196 14587 12359
5716 18399 23252
3229 18407 23953
23680 12466 24170
5139 18836 7179
19589 5215 148
15072 17188 14614
13069 22988 16397
24041 11516 7287
3854 16184 7341
7987 20112 8025
1052 12116 5863
18243 25321 2167
8695 18259 3998
6304 818 8400
14544 13995 15964
13131 17141 18399
16085 7677 16549
16273 17391 1938
11410 20508 14573
1157 6987 23565
12429 1249 5700
1519 5613 20989
16332 6146 1550
12930 7411 5434
21421 867 19014
15308 20982 5548
12216 10513 19079
20322 16211 1143
3171 15500 8331
13222 19099 1733
20841 20988 9831
11067 7592 7611
22693 21695 4640
2471 4394 5905
1437 11630 23035
7565 18203 13026
14962 13865 14183
3702 22424 5812
12445 8445 20773
20628 2642 9601
24316 17553 12428
1854 18068 14769
20071 20542 14963
2304 16776 15496
11455 25126 9642
7368 2078 10680
9027 24651 3885
24000 6916 12278
2319 9213 9805
21761 14 5328
24739 12036 21238
23772 5252 20538
8023 8208 21039
20238 18571 24024
18734 16730 22607
18283 14905 21629
12052 1223 20102
12670 23138 5944
17836 19197 14546
12851 10990 16871
19249 5714 21470
17108 20873 9580
10620 7801 6310
2772 9863 4461
16977 12396 20669
17717 7948 10873
25678 17877 17376
6890 21300 7664
11335 15177 11688
13272 17495 10557
19926 6440 11352
1082 13106 18393
18386 4184 16147
18692 5301 17753
4587 11351 22957
15828 23821 20497
7319 8922 17710
575 6420 22667
12487 23461 12145
23019 24696 6547
12522 10993 19755
651 24140 11838
1809 21905 22279
6983 7786 11892
19830 6843 8798
19390 12509 11545
7818 5387 16457
25496 18694 9950
21374 18076 14085
691 21034 22023
21541 17079 15555
10195 21330 20706
22543 5138 10309
20498 7034 5939
16684 12666 1013
9783 11398 13063
16635 4772 2329
22689 18440 14321
14811 12836 9435
6942 11518 7051
19059 9930 301
5405 5006 9685
23244 22047 1346
8150 16667 13546
18363 8961 1111
25184 6110 3056
11564 14730 7802
25536 18811 6319
17095 8319 6156
21850 19260 11189
17782 14972 3620
9834 19669 16790
14142 6879 10601
8275 431 10054
8419 23375 12113
6930 17619 13887
1482 4618 11669
8749 7072 23003
4236 10657 3339
1786 7644 2171
16757 8388 7008
23453 13120 7142
12290 6568 18953
15388 24323 23016
8239 9724 4829
4194 6280 18009
962 11101 7029
4436 6631 22666
11188 15858 18289
22986 17402 7467
5673 14125 23705
15847 10659 4912
15629 19533 12814
23813 23514 19072
22168 5623 5659
25233 4293 22168
918 12346 8288
11477 20201 18270
10077 1944 22872
22943 3732 2056
12563 20865 19501
20010 3112 20359
18590 22827 20887
17052 11429 8597
17220 11721 843
5683 717 20509
2657 12425 3822
8360 5484 20382
23520 24953 102
4788 18657 1697
9078 16123 12153
8771 16468 21550
1 23457 17487
17511 6366 11174
11115 12713 193
7426 20637 16121
11580 11832 17979
5764 19139 17687
23037 21738 1293
19767 11943 11124
5194 8539 2409
1023 1306 17596
3697 5558 1309
3102 21237 267
7144 16429 2971
10371 20855 15461
12735 7992 22494
10664 25160 9986
15962 7703 210
23875 12908 2655
3452 1443 10960
14264 17556 13636
23647 2669 19124
16782 18229 8589
23558 20821 2450
1982 8609 989
18534 22891 4334
10166 2512 4516
6411 19740 20178
17170 1391 13966
16428 5067 11563
9824 18355 17883
19975 20839 10593
2133 10660 6269
5843 8772 10376
23218 19498 15060
13977 7793 4193
25468 15599 13480
17463 8686 6788
12133 19461 8001
9029 10401 18919
7097 22334 11269
22721 8199 13596
3409 14829 23583
10779 3834 14147
20518 16744 5263
19252 12173 24063
7862 2000 19050
13139 9069 8421
23914 18734 5572
16344 11134 19033
2374 10439 24135
5433 5612 8374
22658 21455 8201
1321 494 11594
6381 12024 3623
11904 12755 14704
7845 7862 11618
