25371
18185 21890 13460
23393 8462 17766
18565 8402 24209
14098 999 7254
22018 15951 7030
1780 19564 14317
8251 13783 24900
7143 13146 10126
258 7481 969
21623 1673 17904
5664 9210 9250
24549 19441 20144
21674 18723 10716
20643 2444 257
24978 7866 6630
18599 22665 17336
18140 13131 21758
14798 15525 18506
7885 19136 9392
17649 5711 16812
12415 520 24028
3591 10985 17538
13982 19491 23870
23575 6712 14259
14790 18077 17679
8076 22703 22924
12070 20350 18256
9734 24405 24437
20300 19398 1031
12789 20827 4260
16295 3160 20872
6428 19116 10019
4882 13382 5745
9040 5150 10785
24464 1292 4614
4195 22893 15261
12509 5630 20609
19707 10281 3566
4540 4848 12432
23851 17908 18590
6519 11773 21280
13661 21195 16696
24073 20017 22520
13983 17333 8710
278 24461 1999
11535 13321 17304
1063 16838 2582
23046 3667 18509
12289 9318 4674
15403 7361 19210
21965 8131 14618
13969 21052 15678
12663 3600 14948
18895 18211 19187
2861 20719 1426
4732 16572 15624
973 24291 11408
18416 5485 12297
24415 10463 1600
11677 25013 23312
12769 20825 20728
14746 3485 12582
24481 1581 8147
8327 2351 5596
7211 18771 13087
17782 15173 20448
2729 24944 13191
17890 19220 16425
14284 10532 24630
14591 23078 17133
4226 11438 24701
12096 7849 2364
20112 10623 22400
17054 23168 19731
17392 22259 6165
14892 18372 3785
1960 3278 15421
23228 3691 10212
12030 25210 10184
17554 8278 14210
19407 1432 9167
5514 8578 23185
21814 21232 6559
6617 16437 23038
23649 1340 11186
21122 25314 18019
11567 6746 13930
10805 24815 17179
14036 1812 14139
24051 10259 3122
14427 7410 24171
9350 24712 14439
23618 11936 21138
6429 22872 19142
2242 18997 5120
23174 5172 16091
16958 4416 9026
20498 4299 9801
13533 12595 3795
1177 24648 6706
1176 19972 20964
15312 9776 6677
23813 15654 3476
3641 12006 22127
15492 23226 229
7288 21167 22915
24532 1618 20434
554 22627 698
15516 22129 24578
17934 20414 22370
11988 20492 20521
20119 21512 19979
5190 15999 9268
4108 16081 3009
19284 24601 1770
4293 10882 13183
11215 7695 3151
375 19640 7677
18800 19274 21619
6079 2693 22236
13094 9690 2263
14311 20990 22303
21929 7140 21603
21310 554 1303
5774 9410 710
12166 14435 5202
19776 24457 242
20469 12285 23000
24201 21764 14679
15188 23819 2223
10740 14977 12064
15355 2486 7476
13132 20651 3319
2675 23590 28
10627 13474 3437
23081 19717 21509
10598 16768 10622
19638 6426 18079
2034 6137 12678
1781 22894 6872
23742 24286 20669
6682 22708 19295
9305 9811 13367
24193 23783 22602
13489 4238 746
9952 12191 6272
10893 20023 1125
2073 1453 3005
14097 21922 5944
718 21263 8584
19596 18140 9947
3408 24154 3695
2115 1223 10673
21303 12256 21824
13408 4570 12663
19505 23740 5661
25241 17953 12481
2841 11610 15574
20848 24014 13142
22586 10416 1922
10100 3896 22965
14468 21523 21377
6703 3863 8122
7446 13433 9520
2452 4983 15651
2500 13246 4648
1521 4178 7053
2381 17763 10001
4928 343 22048
6832 19309 559
803 9987 21934
17581 20087 5800
5457 14141 18064
20386 12360 494
3112 15151 6519
8995 24799 5648
11739 11911 19426
5887 12536 14041
20969 13353 7379
11257 12571 6305
5496 2859 14470
5716 7191 19132
9002 901 10300
19895 20532 2219
9611 2759 11912
11462 480 6010
4111 21376 15718
12023 8917 23693
12710 12197 12550
6849 7815 21481
11509 6794 2341
24558 17034 7813
22631 6236 3909
25056 21094 19553
8695 7181 15555
18739 19083 13433
20679 15010 6907
21362 23494 9244
7821 7057 16663
4104 3963 14527
13052 17530 24742
9528 23882 2690
8041 5691 8799
7537 4675 13723
24665 11819 19381
456 17197 10235
19918 3946 4751
16222 9999 4519
5110 9728 21665
7555 22458 22658
11299 14269 6829
20072 17375 7296
3995 19510 4239
22726 5652 20920
4253 855 7144
1596 8389 10361
7919 17451 19108
8134 14245 10486
334 9889 9143
16110 18501 8061
23536 9013 19101
11828 3516 3649
12854 785 2945
22501 21844 10790
22080 3894 3217
16532 12813 20749
8759 11353 564
18458 19076 9838
7212 135 22703
16327 17593 21710
5976 10036 16314
14496 13996 18860
4497 1033 5464
23905 22545 12889
6004 11662 19936
24607 10530 7546
3439 12838 14905
20342 6150 9693
8011 24587 14739
33 19353 24248
895 19785 24048
16056 9465 18922
19815 7525 21182
2594 5407 10241
13613 9246 17611
8529 16326 12132
11869 6576 5357
17259 14638 16967
24236 8044 3875
19042 7585 1381
16254 20230 2882
20302 11838 16703
2698 10911 8957
7681 20576 13012
24907 16865 14535
24033 5599 17387
498 19898 8623
16267 13549 2732
9461 7253 20809
9778 5861 8250
14326 6468 8230
16797 19374 22490
16427 7471 16747
24683 9279 1557
6892 4549 13304
14172 8094 7462
15957 11392 23714
8572 23412 19805
4854 3872 1358
719 20615 2810
311 1816 15341
23336 18841 6984
16278 15190 10534
1089 1397 6752
16469 5361 1360
15621 14906 25012
512 8929 3552
2161 2022 6514
21325 12226 19760
11321 10314 3063
10377 4243 2989
23023 6660 9565
13568 10395 20408
14053 6959 13897
18548 23748 7388
5155 5320 17040
19359 15571 4005
22943 22087 14233
13788 15265 18947
2212 12150 289
10304 24437 20830
10402 4084 8791
19323 14519 22221
12504 18839 7592
15924 24682 5760
12949 9622 2872
25008 2792 18103
6242 8041 15232
8794 17943 17461
11180 15106 16029
10538 4871 9985
8383 19820 9717
19889 7112 4445
16036 117 21325
19514 25096 14133
15630 23996 6979
7811 23536 9197
4722 21458 9751
4146 3573 4022
19251 1103 21343
16835 8668 20357
13336 17750 5434
8623 993 6206
16103 20118 21569
6481 16092 16268
24071 17103 15410
7966 15664 11868
11167 21489 24506
19083 2159 2023
20566 8403 1858
3158 8735 555
3337 329 23942
2636 21413 11313
17688 222 15322
4050 24975 5471
19478 6558 16856
12974 7162 4873
8663 16825 23357
19858 4714 5030
14239 15745 15980
19827 7573 13059
12888 10432 20244
1609 8632 3987
15232 7029 6791
20252 15821 12615
4357 2383 2484
13731 2681 90
2923 12005 9062
17347 7165 8047
18643 23275 20650
6542 23652 10970
17623 15330 5006
14148 7792 6465
4821 10865 8289
758 13935 12736
20610 16695 14819
13217 10362 19597
17658 20276 16541
7221 14971 22786
15558 6368 12741
11406 1519 19719
18992 0 7341
24820 2232 18797
24866 6119 16970
7408 18545 18139
17771 7468 20299
14317 10619 13519
14588 3655 11432
21263 13389 21328
24178 8803 3868
18771 21311 22203
11840 16920 9938
16371 23558 2825
10721 636 228
16184 7922 12335
21630 8762 21855
17217 417 10862
1278 20521 22172
3400 23143 6988
22412 1246 20061
2523 18250 11735
6946 21963 8051
16585 24687 3111
22811 19552 16550
22677 991 18754
5100 6271 5526
16168 10704 9859
6938 15236 22320
10364 24751 22315
5570 7301 15081
10015 10954 12265
437 3837 2236
6464 308 22857
18098 8484 23775
23994 12752 16455
22078 15008 807
8717 21815 7082
7247 202 5077
18669 9942 20723
22208 22202 22748
14251 19371 11522
7046 20461 3334
23983 19876 4541
12328 1899 4470
22934 15457 10814
6490 21699 17949
6114 19665 17157
20551 20338 1679
25149 15055 4077
17369 19990 7361
9227 8099 23262
13695 14550 10456
7546 14998 23397
2881 19941 6723
14079 22814 21086
10268 24907 4788
21215 22481 4370
24280 3004 19194
12798 16571 24886
11703 24495 4153
69 14346 4337
14555 11808 1176
6652 24027 13529
11923 4285 21787
13274 19981 20171
24100 2865 2607
9529 14622 1656
6965 22796 10069
7744 3288 19942
16733 13676 10846
2492 9042 23896
8374 24914 23486
8682 15863 103
9919 21656 7070
15587 14727 12171
19553 8177 1810
24184 24759 1720
12437 793 24468
19156 19759 16490
14795 23307 3949
23497 17289 9452
15757 13956 6229
504 14188 18985
17897 15750 8077
14826 21945 13907
13271 17809 24967
3764 24069 7858
15788 368 4195
18372 9004 21699
24746 5758 1708
11964 2818 23576
5291 19037 11162
9671 2900 18578
15320 16859 20077
19440 10245 4921
3072 14278 8242
382 9908 14476
8939 23557 4590
10141 20913 20266
8898 7747 24949
15735 20870 4296
23755 700 18501
21411 11196 23646
9177 13850 24874
22181 17405 9609
11183 24982 18819
1492 18411 13645
1212 2724 8839
7065 10307 18995
3141 16299 8484
22136 4750 4980
22753 19982 1538
14876 18456 11558
18306 5296 7110
22939 1969 16616
19269 17480 18706
15412 9333 17313
16921 22044 13614
9245 1009 8665
4631 12882 15355
4655 1359 3264
7303 9086 7785
20162 6069 20850
13826 14649 4051
7993 14153 3504
21046 25061 17035
23567 22349 9351
6163 812 3736
5198 20194 6774
7928 16583 11693
18709 8537 1129
17101 9904 17797
21461 2095 8801
18948 6074 11626
1992 3079 419
6799 13970 7726
22547 6251 13350
6370 1773 22065
21180 15543 21215
7013 22298 16359
15452 21358 7287
24618 14106 16625
12723 6409 10419
10579 377 1728
18298 13150 5707
14691 80 9656
19989 21137 892
4582 18936 1045
9123 16660 14094
14259 18052 1491
3019 3036 17659
21755 22486 21445
15081 6343 23018
9419 6164 5388
14621 12272 872
24157 2005 6112
18405 16617 16555
10343 2278 8858
20212 9383 24542
9008 16372 4524
2657 6447 19874
17937 24359 8282
2298 13735 6253
950 10786 7721
7367 12963 15812
17543 20282 5993
15221 15285 12806
21611 22022 10803
9115 6907 4719
7698 12396 15492
6121 3816 20313
1862 19761 5935
7380 42 19577
17430 8374 8389
5745 15361 19915
15650 8600 466
17841 25265 22672
22016 13572 19093
6584 10615 4634
7452 12652 22215
9038 15276 10499
1651 5107 9006
10447 13922 11150
4118 24865 24798
5917 7645 24645
5596 6337 19572
23345 16137 8458
1413 18577 9420
13398 24237 20460
22225 12126 7340
23910 1737 12366
24600 4130 2914
20570 17654 15931
14508 1131 23143
14353 12920 5293
12245 22856 25052
11269 23666 16826
3076 7675 4941
21827 24918 1531
25079 24078 5900
3921 2412 19834
1936 20987 10213
9796 5850 14353
606 3056 24777
11787 13192 21806
2067 25339 11813
998 15121 17885
10175 14120 22901
13745 12902 15200
18347 15035 4622
8864 11916 6284
2269 23954 9760
3876 14755 928
9575 22916 10094
3161 14178 24603
5073 8982 17360
16120 7956 23258
15896 1946 14961
17308 7149 15634
8293 3204 24076
10211 13209 18993
108 8020 1083
21526 10592 6275
5618 14683 2762
4448 4011 1158
24791 612 5905
11136 21564 1527
5819 8187 9471
9472 14400 17709
14263 6227 22489
10883 23238 12001
9384 15061 22866
18025 1740 7914
16319 265 11652
16791 24197 8549
13374 10427 14050
6235 19636 21436
9832 17098 12217
16619 8161 20217
300 13278 3615
3802 1253 11958
12892 8481 12931
7648 19205 653
12620 12677 3838
4003 13877 16307
6229 11507 4171
23130 22207 6326
1388 20318 10945
7192 11242 11355
8160 17740 373
15181 5439 13240
1821 17081 15621
10851 682 22488
15697 1557 24516
4316 4934 8737
3054 23457 19455
5049 5533 7527
5334 5730 23269
22108 12099 8435
13013 909 24016
20807 23583 11236
14652 15069 19905
8970 17978 9655
2775 2949 19331
10938 20940 18209
17188 16966 24370
13432 3243 13774
3630 22411 17163
8630 18815 5329
20495 18197 18351
7613 6058 9878
19673 12434 17978
18143 23929 12192
23449 24971 17223
9873 4795 8367
12209 9772 23924
1139 21015 12971
24500 12509 19492
3279 15269 351
19617 16225 16082
19924 952 4918
13585 11131 23812
227 18339 13018
683 18024 11480
17448 3535 1890
10096 24395 22632
10760 5059 1682
6402 2784 23519
16980 8330 19464
2221 11875 3781
1705 1201 1004
830 8647 14780
23830 4663 5158
2800 24549 7590
18232 1058 14569
15114 16910 22437
19687 16546 8262
16755 25216 10386
21350 5844 10157
5554 22002 24242
22364 15586 16919
11112 1011 11058
8205 12780 19918
15850 15775 19244
8749 12543 17250
22601 7501 14469
21716 17546 6420
16380 23903 11131
5002 4719 21053
3474 19897 3964
8399 19443 24346
8514 15396 5614
51 19994 3277
20200 10912 16507
8959 15175 11009
9487 12615 21013
15145 11108 12613
14005 3917 10282
14709 10775 14303
1479 8344 1261
25175 754 10910
21085 1629 8786
17978 16409 17285
20544 11618 13423
13387 18617 20175
14949 8941 9091
21486 4198 23962
19087 1701 20107
2202 8250 16154
14910 17506 22559
13784 5029 21041
11894 17142 21979
3361 1496 10333
10586 6667 20674
7489 19793 17446
11372 24400 6989
17748 1803 12109
21867 15633 24123
3436 6612 23228
12913 8947 3397
2398 23588 12433
18663 18008 18120
8840 7734 18446
9962 10202 19052
930 24118 8319
7765 12472 24114
23723 15168 19334
8780 7342 17305
14996 11301 24829
14392 11181 23105
19947 15710 3195
24348 21415 8729
22852 10731 13503
16436 7899 18472
23271 4615 9316
4772 2134 19757
22430 5207 1213
25109 13561 7929
2968 4543 22729
14411 22759 20136
16077 3679 2016
24582 22950 17187
1252 3708 16120
24398 10241 15541
24941 7951 21242
2460 17587 21552
14836 6829 5855
19493 2783 14238
4965 3734 7483
9340 6226 23987
12130 4331 9506
15801 8355 462
9261 5956 20885
2361 24367 15112
6049 9570 18417
11020 10187 17846
13889 14823 16905
5765 1177 13838
18280 9481 17444
21166 11691 19362
16874 23183 6744
179 19401 6932
11068 3414 16477
1746 13041 17545
4770 22713 19355
19738 6002 21916
24394 7992 3854
20948 8856 15049
16989 14036 16733
10029 454 20137
6810 5253 5558
2570 11027 6479
685 9562 14039
7101 6915 8903
4058 23630 5394
16490 11463 10671
8483 24640 21590
20439 21495 15396
10622 15503 2129
19748 12459 3
2856 11259 19682
16739 4147 1641
12550 8757 24993
9994 14158 16906
8824 20022 13258
7871 6540 18182
19135 16261 7188
23189 4610 11276
558 18661 5115
9688 14306 16408
25089 2599 16578
25290 18281 20354
22269 15930 13575
7870 11319 15444
3726 18330 15857
22802 15884 13791
9198 17009 3595
23898 908 572
3544 181 18537
632 14863 17500
16726 3124 8249
5915 5944 4961
12588 6295 24285
17576 6313 24454
24142 8837 13871
17485 19829 17188
989 2536 4408
2686 3358 19008
154 4887 19513
17986 4497 2654
5420 401 22580
13873 12004 5999
1554 24332 20161
11446 11200 511
9674 22346 141
15654 1828 23793
19559 25133 22960
10865 17269 15010
6751 21747 10738
851 7450 12851
23415 2618 20222
427 13810 5564
23511 5451 7259
18847 21608 23831
22390 18098 22821
22978 7005 24944
2336 16485 12496
10066 10564 13908
13243 21443 12504
10122 12219 1460
3427 18930 14867
1773 12819 15277
24330 20758 10063
622 6869 18396
2293 17586 14325
25221 17236 7097
7850 11735 4658
18499 13631 8016
4695 12477 12763
10655 24530 609
21169 13006 12782
17808 18879 1329
11453 5795 2301
24306 4448 16405
19581 8748 17720
5242 11594 8184
16004 20072 8566
23687 14112 16877
23942 17893 9547
14147 12318 2441
19019 8594 24404
1323 729 13672
20853 8413 16045
19998 11550 14466
20905 569 21168
22523 10662 3933
3757 3804 2516
13185 4955 13123
3532 18399 16230
20645 16888 13389
21445 22499 186
3499 22456 7237
20937 15416 13788
11415 17181 11365
1039 18594 13895
3292 23337 108
1454 59 14051
10803 14076 15197
6086 1274 1881
10908 5566 21409
11614 19998 10199
17271 24973 23605
20761 2253 346
8446 3911 13701
17683 19262 3702
10497 4609 10025
20025 14487 14794
17115 8229 13752
17500 14390 8145
11640 16533 1526
15338 18977 22398
5856 11545 10554
1890 11964 1214
16681 16035 2974
10976 9430 7974
21701 23298 12238
21767 11053 24358
16642 14272 3740
12750 20677 21827
17141 7201 14521
10701 20530 11839
19907 9781 21893
22669 2044 15761
9641 8692 14007
22873 9660 14170
3032 8611 11084
6875 20397 20018
13083 25255 20560
1770 16327 10308
16227 22443 6117
6288 2977 7899
3878 2106 4955
7352 23094 9204
7577 10408 5612
22334 17844 20359
12813 8898 15149
14883 11084 2543
17733 11139 8446
20262 15584 12157
12508 12098 3024
2404 22253 19159
9082 8048 23424
13474 8725 17563
5337 11789 24961
9457 6765 7638
14992 16720 19134
7656 17619 9161
1094 2802 21970
14195 16183 9346
3950 12726 5907
3245 22157 8511
8592 4167 6799
1366 13507 23956
13289 15037 15178
8085 9851 21961
8128 8493 8565
18912 11323 7916
22902 22590 4418
745 23376 22467
8765 20801 13795
13335 3369 16290
5409 5910 11790
11032 10849 24672
13035 20149 20904
23321 21780 18089
11360 17694 24331
17147 13090 2396
1447 5751 23448
639 6200 22094
22052 24858 15898
12366 22784 827
25007 13599 1951
19160 4044 11597
21769 7078 18624
12045 14943 20108
8035 19712 21107
3843 16322 25029
25002 9344 14639
21969 22767 22880
24459 22287 13858
2186 7243 6021
21905 23698 10783
13392 11634 15398
18208 19061 9899
21569 3444 4288
14573 2921 19637
5710 4369 3370
20717 14578 4827
9165 2315 8853
3205 14439 2171
21218 23083 6419
24313 4982 18308
18678 4659 16975
6329 7604 18149
15843 4229 8988
21014 24089 16778
24719 2216 7768
4712 3609 6373
555 4403 11763
11226 8202 1216
13921 19185 23557
20181 2068 22269
21639 19615 7425
5372 10138 19035
14763 9356 12410
20277 6067 6069
5938 1238 17087
25311 10801 17226
16547 9530 20767
10884 4807 21291
12477 18694 6548
17296 777 2240
17028 10297 10027
5208 3773 783
3684 14222 11196
25088 3332 2108
12866 12053 22339
14067 16781 9200
20122 19605 2307
25061 13709 16867
10249 8051 14708
22792 9971 14394
9063 9127 5251
20394 4674 11041
1813 16610 18894
18063 2199 326
10479 3993 19275
12021 16185 5991
7257 4563 2067
22463 6025 4119
22285 10108 6585
23801 22388 19258
20901 11682 13978
1509 18152 43
2992 9590 8922
9320 2656 8154
19030 572 21493
13076 23032 5834
19208 10082 16216
10399 17831 18670
3247 6494 2870
6196 8315 18267
14938 12274 7104
7961 16492 5482
4381 16883 12714
1672 23861 3607
12276 18906 23742
18283 2577 17016
15278 1850 16985
23272 18385 16197
22932 10526 17403
21906 24693 20820
13180 9164 14927
15032 251 15797
16331 10497 12041
17473 22985 23086
17336 6823 4070
381 14779 9136
4426 2501 148
22657 25161 22008
