23394
1509 8580 3346
10562 18881 21644
6479 18101 896
8423 15544 16215
13558 9087 8985
496 5687 1289
11100 13124 17810
7653 6044 10041
9345 2112 18557
22424 9551 20616
10226 6625 18277
1147 20731 4468
18554 5817 7598
14589 5737 2833
6510 8344 10625
17662 4006 18842
6830 15673 20478
1223 13665 10336
15262 11084 4294
13531 2155 5157
14609 20203 19518
17737 11514 16336
5813 4181 3512
832 14964 23274
12941 1898 20158
13776 6323 18100
6291 4435 21611
5684 14999 12256
14309 19338 17385
18055 21468 4215
5122 18273 18699
1752 14937 17484
2982 10695 15283
23144 3970 4141
16821 20233 15410
3339 16041 1111
804 8062 16271
14337 15258 21404
10166 22400 9447
22529 16841 9208
21885 20160 17720
630 12211 5939
2230 13918 16765
11920 9240 5989
3107 7899 14342
16765 5183 16743
19174 21380 5199
2488 19569 18826
12778 13399 22202
10956 10273 16895
8362 15641 7967
13601 3695 10950
13844 19447 1442
6395 4730 22784
14885 5890 16959
6011 18062 23190
10604 21702 20300
21224 21900 16588
1382 14656 13865
8768 15453 17089
583 14257 9249
14067 661 12770
1207 19102 20854
11575 11629 22319
3433 18499 11549
11009 22677 12207
6559 20713 12175
7712 2692 6985
6073 12189 15052
4984 3056 14519
1016 14519 7525
3228 12871 12657
6850 22057 17404
17232 22820 16165
7630 7927 1608
23168 10354 4159
14961 3365 18777
7305 11600 13798
13375 3855 8114
11642 15018 3191
3862 1999 8157
19002 16183 12597
11130 6109 10591
9730 2519 9301
15254 6173 6069
22626 20552 10345
10695 7338 3215
12397 6841 22651
5524 5966 14488
14753 3191 16670
13855 4804 8060
18712 10817 18671
16681 7452 10418
4634 1296 5562
13577 16500 21148
7770 18381 19949
2276 19490 16281
17754 10465 19792
8946 3104 8812
23239 3403 5806
988 15094 22132
18014 13304 10737
18898 4501 21115
4491 1237 100
20049 7226 14575
13158 9163 22437
10913 11202 21425
4142 16415 724
5973 7100 23058
14200 23083 14147
6115 11875 19130
19624 313 21278
390 3893 2509
10153 7507 6171
18345 13234 7039
14662 243 15595
12026 1565 12430
13802 14641 11202
5388 23045 585
22477 15855 7085
9852 5548 7243
7291 16217 19854
8721 5437 20897
17588 19018 22915
17272 3284 18368
6431 21530 15755
16009 8615 3875
12146 17642 3135
5580 6013 22078
21153 9390 22451
10968 4388 19898
7733 15919 18513
14707 199 6026
289 22314 763
16354 5114 22347
18251 11297 6630
18869 20012 6920
18665 3092 23309
7795 18177 17779
18944 17249 22709
4997 17950 1221
22077 14706 10443
19705 6891 9495
15992 12962 21356
2626 14421 15988
22690 15762 429
5532 19936 19461
8024 21983 22811
15188 5331 13112
14857 17415 14707
16142 11247 16059
15911 12157 2141
10114 16197 1155
18423 10925 12693
5201 8186 15369
12983 21927 2277
13483 10656 22108
12206 21675 4805
16491 9929 3780
19576 6154 17273
17992 15613 18430
4731 16896 22961
2516 14546 6391
21683 2303 9574
9229 12742 8189
10769 13444 10359
22986 17621 13573
5909 8304 2853
8267 980 18549
9441 22075 17161
8916 17558 20704
14135 6681 6431
9403 16935 2177
7559 19858 12326
19131 12599 9136
15442 19410 18588
22372 8774 11482
22792 1389 18063
18822 6274 13079
10531 21864 22028
22205 17786 22639
20016 18828 2307
4197 21262 17895
22187 16644 14843
5564 13839 6610
19018 4700 16079
21312 20283 19842
4891 7873 14777
13286 18931 7287
19371 19981 6805
11052 18458 12820
16020 5262 4696
4699 22481 6709
5644 2048 19577
11753 6804 15202
14406 7975 1452
14234 13094 21021
647 12678 22188
20417 15714 17432
22910 17702 4082
12925 1374 11431
4278 7321 16969
2559 4874 12574
15567 19474 6865
676 17348 14615
13098 18246 14643
9453 2615 18380
2756 14115 4864
1399 7282 22683
14783 15865 22986
21590 17141 17364
3534 1840 23016
1860 5313 15901
21371 20875 8851
7864 22414 4835
4595 13382 3838
17323 19761 5438
1247 22510 15912
11308 20846 21741
19494 1326 18184
21560 9886 11600
19588 19151 12464
20643 10751 5496
19848 2441 12845
3813 23313 4420
5351 8020 2344
10683 18563 13906
9041 10237 20046
20794 22881 17917
11903 11135 17743
6603 7551 20962
20630 8089 15665
8583 13055 22750
10480 20103 15554
3416 1480 3097
18094 3496 5899
12611 16455 12136
2045 836 16937
6221 4332 1674
6784 777 21467
22128 941 22774
21941 22246 2484
15900 18009 9650
464 17001 1777
1971 4370 703
19652 9315 12508
21047 6338 2291
5935 6726 2733
13711 8033 2773
9135 16797 2060
21007 17154 8348
11480 802 6969
21409 8977 8133
2604 12829 13608
8440 18142 7506
15307 15244 3551
11690 20250 15346
6688 12290 13286
5895 89 11570
4503 22175 3812
21477 20174 9853
4182 14282 21685
19248 2659 16541
14046 17818 20669
4244 18282 17228
7682 12144 5756
14292 13735 20649
12668 387 17682
16648 14480 6845
16398 12728 11257
2870 10020 16412
12789 9426 19296
8623 1704 856
1186 12978 10934
12431 18637 3987
10428 5581 21995
15968 4603 14263
21357 22333 12732
22402 11181 18021
3681 5470 15950
16063 2925 13816
10993 15494 541
5463 16690 23155
17614 18971 4658
268 3729 8412
22811 6700 21948
19139 4661 11060
12513 9016 19241
3654 9286 11300
1326 15297 561
14550 10574 2113
15350 23124 10120
22652 17019 20420
1278 8555 20527
17108 13651 14477
7320 10181 13200
7369 21335 9761
6673 1825 12621
2994 18780 9892
14274 3250 11103
20887 1225 9528
14639 9562 9
11441 23161 13542
12655 15901 20578
11327 17567 21558
21385 13563 7414
3074 4631 15531
2695 7422 4764
6795 14856 6999
15661 9838 8375
7949 8990 18161
11522 2221 20813
6471 20431 11735
15119 9494 14120
8875 22967 20567
19551 21004 4942
16418 19626 241
7542 5938 9293
1056 12459 18488
16132 13799 14446
2706 5228 5038
9175 18916 10895
10010 14070 961
12190 8490 4395
13639 5093 7895
21081 14323 1312
957 4583 2725
18529 21824 6285
8539 6937 21008
11247 5423 5507
16200 21058 16448
21954 1134 13157
16096 3529 3005
13358 9127 15622
3940 910 19210
6460 7135 7639
21830 1422 21721
13923 4205 2971
23217 7302 16374
20853 2904 12026
20950 19305 4621
1645 6998 16032
15781 1106 12336
6872 14766 273
18472 15682 4650
4321 11430 19622
6990 18764 9700
7452 15593 10855
13121 17805 10145
12464 14168 639
15481 8595 2073
3763 14214 2683
9183 17872 8708
1104 21872 18948
19943 5366 21077
7999 17219 16129
9622 10910 18263
8648 2855 10568
3459 8885 17456
6337 4993 7205
11857 16957 194
17087 1977 4265
7901 1682 9053
3509 9609 12535
20338 16514 17656
18133 2544 12058
3187 18426 14380
17374 21122 19645
16946 7985 19377
218 3299 9778
16409 14880 14312
21847 4969 15764
4293 17299 21174
15818 728 17618
14161 2126 2436
5234 17327 19935
9902 23150 2102
10492 16969 1323
15633 20468 2910
18586 12386 10218
19451 7839 14359
705 5212 15075
20661 3754 13358
10273 8933 344
8307 21629 5070
22434 16918 5486
7421 2810 22863
13024 4923 19336
21622 12644 7697
2474 22446 3849
7124 20785 6310
20081 10062 5291
14508 10256 3744
9100 21047 11632
19895 22699 11347
15732 5141 9009
14814 5524 13174
17297 9227 14231
11121 19001 1213
22111 2395 6749
6962 1036 11034
7429 582 11804
11940 17094 7271
18501 17066 170
1936 15420 16320
13344 2775 13497
2461 14729 18964
21780 21994 4493
5627 10493 2593
23108 7601 5588
17802 9466 11015
10704 16086 2038
10818 11850 17515
1637 7059 15325
8191 6818 10088
12585 4144 20345
21241 6087 11782
9297 9681 7676
7409 11474 3429
6979 15199 7192
20454 19439 8928
2392 3323 6117
4121 15368 2231
8697 11372 18730
16383 1922 19029
15165 9736 22739
21896 13986 11163
15082 13778 7819
4553 8267 3390
10322 6766 11914
16560 18674 13631
15864 21035 18135
22801 12056 19832
20128 3768 10821
4757 4512 9601
13961 5041 19689
1724 23184 6657
15588 7349 22288
9265 4288 22010
2842 21286 1392
3601 19143 1563
20213 12200 6480
13981 14595 10526
3883 3630 12453
913 9047 1538
17820 9964 5005
1374 20586 3618
8412 22376 17982
1568 2568 19983
18736 23002 5837
13793 10012 6899
2680 4418 16860
8709 11936 4736
9692 21113 885
10099 19710 21527
4929 1784 9176
6268 2479 5347
9780 1080 15802
6185 8511 1494
845 5014 10802
5151 11666 8014
17421 11580 13329
19745 4543 18868
17694 20004 17137
21530 441 10257
21348 14470 6569
14912 17132 8298
4681 14430 21832
19914 2195 14857
23133 10150 16718
16804 5352 14662
8204 9536 21036
12324 7360 13216
2345 2094 4974
3257 4746 20906
20559 21969 20799
4081 2352 19092
22322 5631 9024
8863 699 20929
11593 12253 13459
9964 1859 17443
15001 4356 1046
13724 5954 23181
11703 6400 5719
21990 23346 8638
15682 2991 5392
9636 13715 506
17862 20938 7769
1443 2182 3593
19081 19285 22601
12815 11902 20487
15138 14397 11830
13697 18573 1658
20511 1456 21159
11319 13261 4194
1998 16308 19866
5770 10975 6761
2140 16770 16228
1695 13020 14036
20582 10445 20009
12063 7668 7948
7075 3123 10392
20543 13349 14957
6369 17588 22482
18784 12475 932
324 11564 17009
22941 16398 10780
18313 22025 14835
21122 11701 10463
5075 21224 9436
7161 8148 19071
2796 15810 5212
12848 6712 21205
22604 8426 13236
8073 10539 18002
3394 11840 356
2090 21087 4515
19345 18862 35
4451 253 13746
4809 6860 9964
20091 5926 23246
18626 5610 15458
13667 22294 20076
23059 7762 7345
10852 5649 20184
9528 15410 6544
10868 533 4037
21521 4097 8913
1811 13501 15861
12733 23233 4956
19732 0 17533
22756 20487 17848
23253 19055 1189
11556 9799 9419
5431 21159 14748
13195 5599 19365
11980 16145 22828
9565 4235 2633
5406 17737 1074
2182 2676 9322
9313 4853 2462
8234 991 5638
8670 1528 13690
5836 8215 18207
16525 14911 14187
5540 15164 18037
21289 5864 2865
13313 8389 19546
11018 17386 21910
11799 21605 4902
7591 2314 8510
19414 7789 11816
20294 19743 8752
6041 1150 17198
27 14691 3314
71 9716 325
7837 17828 20733
21718 11988 18216
8292 16135 13964
17204 1214 11702
22578 22129 1720
14939 8745 22521
759 3575 4562
9644 17682 16613
3907 13174 3859
5271 411 3677
3836 9333 11322
9804 5054 1989
23265 22787 11382
9491 3170 1827
18973 15142 23131
4368 11447 17176
21770 3942 9728
18275 10866 4874
16182 12517 18459
8166 1633 11992
4563 15949 1736
20437 8358 15173
15384 18340 16184
14365 22889 19048
14453 9349 21850
9678 21574 9791
4769 7646 1845
9933 5005 11135
22273 11285 7364
18168 1254 9839
11501 3828 8474
17135 22609 8560
10736 47 16120
17176 16874 15492
449 16236 19163
18411 14792 8900
17012 17929 12276
21023 22110 22162
21742 10623 7741
13253 10164 6147
19784 21803 7476
15395 1746 13941
3375 13113 19595
16082 7492 1461
22861 5292 7910
10284 20900 607
19295 2956 15241
7850 20570 3052
13738 168 5107
7248 21747 18343
16863 14036 10675
13332 9754 2133
9003 15341 14371
3034 20022 2530
4383 9202 9164
13567 8473 17962
18402 11103 4578
12701 3028 13762
20871 16728 18900
6649 7387 11472
12593 4712 20111
8501 4453 9537
174 78 12933
3718 4410 18294
18201 11112 1626
18597 19723 19420
19667 7809 5299
7476 7701 8290
8741 2737 8600
16233 15997 13321
17159 3813 3651
17536 13857 1577
12561 11397 8771
17510 1966 19718
6888 6074 19764
17929 17894 11216
20178 22201 12290
21330 18719 16731
3988 19887 14725
17478 3218 3924
18360 6535 1895
15625 3617 22563
10799 12574 20410
17580 13461 9363
12292 4057 5675
2942 6265 22882
20678 99 20385
19199 20295 21752
16719 18117 12868
10039 20067 389
21161 23027 19430
15528 19221 12914
19838 11053 8538
3157 6223 10297
10305 21427 13431
20904 11061 17208
22844 5387 8957
8323 10703 10192
132 14047 11502
1485 16298 2389
619 16599 14796
8520 21945 19906
14488 16556 8080
20373 12891 3365
12364 12535 4092
1530 714 18013
4063 524 13042
17030 5777 653
17977 20820 4846
3575 1283 11655
10206 19504 12684
1886 12338 16810
12243 22632 14293
8985 12917 19011
540 5492 15213
13498 20509 8662
16544 21518 12396
872 20385 6681
10644 10105 9867
20263 13514 17583
12748 8807 6235
21538 20608 2160
8081 11774 17309
84 20775 22244
5883 19539 9408
11825 18466 3482
20989 14533 10983
21033 3438 14557
20466 13940 14965
11273 3477 11950
7036 22745 17046
17071 11025 21319
15328 6055 2221
11962 21189 293
9089 8255 12993
9581 17457 7131
10396 5981 17567
11082 7033 4988
5046 11736 3264
11392 15062 813
5498 8107 3149
11338 4782 16498
15213 12008 9986
5312 19384 10033
9384 6498 21709
923 13639 6206
22774 20672 3719
16609 4027 3584
19972 13891 1379
8128 1177 12670
16673 270 13715
5598 17976 21885
1551 4251 3943
2302 23281 7356
11359 21359 15003
10461 19678 7853
20202 22849 5732
16311 6594 12984
3635 11973 7147
8975 19614 9936
14092 10401 6823
22728 13605 21603
13818 9991 1258
22061 18523 3442
12259 6367 17341
4915 21143 8244
19208 11333 22091
13898 17505 143
2439 13329 20865
22247 20345 2937
723 6548 11868
11677 3669 20757
16973 13195 14073
16480 619 15678
20836 18595 12090
6946 7270 15727
15939 20971 13998
12885 14130 7437
11211 23064 13673
21177 10304 21254
13443 861 5520
8784 22581 991
21277 19240 17237
21671 2728 23093
12098 19990 3887
20746 11809 2988
6734 5343 23343
3295 5573 21802
11841 14839 18924
11028 16269 14888
22033 22600 13408
22153 16859 20436
4032 148 1368
4432 18326 19267
7204 337 15841
3014 10768 12220
10578 14361 11942
7343 19666 7554
17830 7743 12371
8474 8709 18332
10131 9654 5241
19531 5281 9224
10364 20652 4348
19792 6353 683
22195 2281 80
430 6456 2783
13053 12103 15125
15024 10212 20252
17362 15772 12707
2904 1602 10602
7392 22918 14130
5726 2271 17734
17871 6977 10716
10054 1096 4312
14004 18851 474
20717 16344 19140
21448 8847 16621
15038 22533 8445
17467 17528 22388
4853 6424 14419
3611 6654 18624
1794 502 1940
2643 11893 8208
13235 10096 7313
344 1732 7372
7507 16371 5875
12644 7153 12947
22493 20147 6357
7612 7203 1022
13403 14105 19475
6056 17177 7566
1592 19178 23215
16896 12780 6495
11174 18031 8324
13620 481 9088
6160 18221 18082
16267 12409 14081
19064 15280 2569
16456 8664 10485
23026 20366 15702
4960 4692 21508
6936 11042 20229
8817 21785 12800
14322 19810 14917
