26333
18 4 1
5 1 14
3 14 8
1 12 3
12 9 16
16 7 12
2156 15182 6779
10204 6221 15302
10275 22202 8449
19665 7933 2527
9103 20249 5610
16128 906 4011
16716 15718 3613
9620 21236 5815
9374 23937 20604
20402 24549 6957
11049 1123 1043
1451 11821 12617
23248 9560 19970
9886 20912 5223
21594 11479 23583
16254 5774 16067
1964 16754 6644
19481 20558 8127
11584 14041 15744
904 3092 23475
13182 18677 9211
15211 13996 1882
10430 16339 12256
15430 25620 22123
21740 22151 24411
5405 2981 22585
2852 19175 8351
21194 9314 18766
5588 9511 21188
18533 26197 20985
13188 11450 24453
24150 24106 9606
3137 2674 18835
23624 14162 400
8148 1683 24213
12145 5365 20568
18748 22448 21923
3045 22115 23560
5418 10382 5387
17062 25117 20904
4663 14210 5308
11006 6354 5699
7552 18633 26039
10872 5073 7452
17558 16729 24915
17215 4009 23964
7611 20378 19560
16674 11336 5772
23622 18549 13919
1034 4822 21757
17490 10972 2763
23226 7421 6750
18575 4597 11645
2918 21771 5331
17425 22565 9301
12348 7887 14359
24628 13901 14923
8898 7042 13871
24891 5186 9957
11798 6924 1585
12532 10675 5540
667 15859 23440
7401 19094 14074
7181 16322 1349
5993 3364 25555
15765 19410 16520
9838 8523 16766
20715 17265 12211
10498 19452 10296
4848 7830 18489
2838 10285 24949
19712 17300 10380
2689 9175 24088
6876 9966 13510
23568 18017 16243
24610 11093 18230
7945 3641 13616
5560 18561 19744
16794 4532 8037
19246 20933 7427
13198 19312 6963
5452 15054 22614
21262 18591 18920
23270 22890 3390
11305 25194 18068
1134 196 3042
2560 22782 25447
1496 13398 20283
18026 18982 15858
18225 12663 11768
15936 16921 15315
11051 89 5134
5884 3702 11258
23776 19832 17421
16965 1921 20697
16298 16163 7998
23064 19718 1880
2702 13048 15364
7857 15529 9378
20723 10031 5159
8882 13732 11486
18589 15218 1186
13603 16264 16145
20451 6923 24437
10212 23296 23154
19534 10969 12364
14032 12080 23424
11373 704 16725
11537 4244 12492
22450 23736 6290
10811 17142 16448
1375 13602 15105
10601 16665 13987
1397 13858 16842
4823 9648 14132
13412 7781 25956
20169 15808 4939
4178 4744 5872
18926 24020 6203
2053 21681 23744
17673 9601 9731
23148 25436 10895
8199 15331 24866
4847 20015 6594
22766 2938 14613
23345 7559 12357
6471 17255 25071
8075 6795 12946
5263 3342 6558
2551 23986 11150
19151 5568 13256
4140 265 25668
23017 17640 5015
14146 24732 13382
23651 7349 5067
20713 24150 540
21514 5639 2812
4496 22681 10132
14569 7110 25401
17012 15971 6480
22652 1604 13760
11496 18059 18500
8023 17835 1127
16486 13659 9757
414 23328 10488
16401 6027 12116
24729 22270 21812
23737 16627 6749
10378 491 24007
8858 4083 19645
9683 25697 7542
17768 20935 4585
18222 20089 8308
17626 12534 22174
22722 8092 19806
18909 7081 8941
23928 2106 23047
21366 26072 12347
8914 8425 23881
23548 5484 2277
12684 20219 20017
19730 11697 7034
1524 18102 15415
19684 4151 13765
19484 9066 15069
1061 20117 15988
14450 21319 23620
9658 8906 5355
1098 9684 12984
20644 23334 19610
13683 7156 15796
10130 25050 19432
19686 3498 7341
9963 20095 5019
22885 1086 17121
18638 21358 17286
5466 10637 377
19452 108 2856
14662 15584 751
8098 22803 13533
21424 2430 3208
22548 648 8648
14970 25001 26126
6380 19397 2168
7275 2232 3132
12372 15416 9098
18289 9463 5971
13369 21734 18080
8773 19865 9504
4022 11761 4345
19000 2606 23147
20853 18593 24014
14607 26296 7871
12870 6076 20230
22383 7793 9398
18437 22876 11689
4308 23768 7346
2710 14851 22892
9026 1767 4150
19063 14143 21745
18362 17723 20499
570 14698 9033
23341 6912 12134
9899 24516 23515
22666 25979 23262
23973 18753 24135
20028 8620 7514
17888 11592 7288
22482 20399 12784
6432 19427 25116
15742 9465 1420
17466 10014 6094
22416 14645 10020
14413 12876 5776
6320 23585 6058
19766 3805 13902
23894 16946 3150
12395 23337 8982
1614 10854 21401
4633 2571 10447
7055 2904 666
18818 1298 21952
15520 21547 12285
4937 18733 13565
5237 6620 7380
12056 25359 10956
21562 4350 11133
16631 15935 3924
1179 9236 13432
22167 15905 3536
4109 4751 20495
2630 21234 23309
22519 26294 18783
8046 7059 2151
15711 8195 15673
20836 19791 1281
13011 5103 8361
10065 25363 13448
21052 2349 14724
2240 6829 23988
21921 11487 18872
19885 13814 12192
13763 21855 17158
13582 6441 18295
17742 25245 343
16368 24337 25303
1891 21396 10494
18013 18305 21497
15522 7797 22904
21886 2474 23164
23180 6607 13747
17709 11364 7272
1268 21152 21003
1122 13775 11186
17217 13958 7817
11625 23671 16861
20687 7522 13911
18737 9376 16835
5736 20609 14678
8865 24973 22878
16902 12815 21838
4351 20175 19120
7717 22388 2419
7823 17642 9280
778 21729 22921
12773 24815 11838
22550 12459 12138
2380 13652 24299
11454 12727 12232
3696 12385 17186
24867 7196 16206
8944 9979 4132
9979 23113 3724
4809 19203 19256
3699 9774 487
11882 534 21538
933 25206 19304
5976 15016 21779
18255 10722 11286
19304 19903 23180
2746 1201 960
17946 1712 4208
13703 20259 10413
11422 1482 1446
7338 6176 6240
12154 24889 10791
8459 6105 3983
7459 11062 16188
7474 8031 22795
16008 9119 18666
5019 9952 1890
17587 5758 17789
8137 19016 15463
4225 10607 4428
20786 20485 9962
24197 2758 13442
22750 617 23653
9610 946 17263
2588 23900 4833
12466 15291 21888
22831 20667 17602
1721 17685 16796
23712 10048 24765
20293 8717 4299
8454 16863 24154
449 9201 22437
1919 6826 9338
19946 10551 18853
9566 23159 18020
2517 12483 24938
14767 17511 2135
13540 12912 16825
5038 21628 16685
23296 20772 22529
2974 4908 18321
18131 26268 23221
3597 16049 23291
19318 21380 26093
5766 26129 2299
352 7852 21324
6292 13266 748
18992 15261 14408
22349 11669 700
18044 23205 24518
15091 11289 1866
12493 17002 16233
18857 15305 22969
5477 19614 25226
22933 2662 7130
20201 13415 20263
22676 18318 4618
287 16217 18547
21263 13000 13461
24848 25788 20464
14828 19040 22677
4735 13524 20380
11408 3033 7327
10321 16843 16473
8407 4300 6892
15727 4508 5507
22071 11613 6925
2786 16237 20678
6126 16364 16304
11673 4556 17820
20484 18442 24853
7085 6045 16420
11691 9929 19625
24769 3456 13178
1331 12775 16551
8603 11710 7693
24404 1219 19373
23 11144 549
6226 1446 6394
7888 21033 18850
12727 12708 10069
13462 22718 3326
17392 16424 22948
3211 5405 2612
21646 6160 17429
10999 24466 863
24632 16817 15240
12342 18227 10613
16727 20449 12734
24898 24591 9764
10100 8571 22663
15013 7692 16626
15766 16968 5744
11477 21273 24606
15836 2999 20726
22107 14861 5750
20002 4555 19106
14643 23340 5947
7367 7270 14027
24305 5964 13924
8472 23045 13278
24343 16307 14315
1719 19762 22821
9338 23064 17393
15400 586 17007
24749 5770 9633
22495 25469 1732
10406 20355 5113
1040 22519 21847
20518 10288 23420
6788 21966 22287
8344 12206 20059
12886 5462 8514
6929 20046 18125
3236 2679 646
9133 11019 4381
12371 22239 5647
22619 7381 486
15670 26004 21158
6787 10096 15347
6166 3624 7789
14064 12288 13659
13371 12618 21568
19194 1525 1982
18046 3778 833
7223 21529 8087
24021 12800 18724
18879 17483 22483
19587 6703 17897
14300 7485 12724
617 14949 7625
24182 25655 10765
20342 23509 20857
5562 24238 8984
1621 5246 25659
1135 19117 2953
21467 21817 6111
24226 16521 2068
5646 8027 3492
20420 12834 14963
22033 17579 6902
7923 5066 18365
18627 10864 7357
17229 5295 11913
17934 10282 19935
21988 22489 15590
2328 20975 17864
9511 9826 19377
3136 4321 19495
8487 25740 24643
14085 22391 25373
19537 24416 348
71 8389 3257
11567 14604 21064
3514 10931 24215
12192 18138 1085
4571 5001 3436
1809 9018 19960
17303 24678 12266
16220 3563 8604
17830 21588 24739
10264 19943 14437
161 11940 15785
122 17087 17707
13502 1262 21256
4118 16647 20633
5192 3600 15086
11792 18137 12181
10177 19481 23834
523 15097 223
9380 8142 1685
11609 23624 911
14889 13559 2347
20971 6667 24708
2218 6832 9151
11605 4063 18437
6163 23801 2019
23418 12336 13357
8318 5422 15122
4413 5512 14489
13070 10251 24314
23340 18815 2369
13806 6509 4490
16578 6603 24483
1265 16448 19679
14371 14338 16644
24481 1661 5825
20254 19144 22583
23349 26247 5998
16588 25401 22833
9317 6760 13235
21320 1815 19220
3371 21656 25883
2346 3054 11438
24741 3266 3327
17250 6404 21022
18951 19668 23596
16193 13894 6827
15597 21011 1007
13229 9408 804
5159 21123 18487
5319 6570 22045
12677 13312 21499
10293 13131 25917
12611 6018 7454
12470 23606 25362
19977 1216 15558
21120 25870 11989
11320 4053 22251
4244 1033 19959
1793 4871 7745
22282 23248 13944
3237 13007 43
19968 20091 21136
2394 10499 11508
20516 17008 20337
4404 24294 17879
21443 14070 7228
2869 13917 25399
7780 4647 10405
13854 2258 20306
14495 8239 25853
5394 11122 12739
6139 9490 14632
4820 12245 7469
9345 16059 2709
7773 7736 13035
3804 17813 9415
4640 6272 4792
18382 17354 15628
3676 3121 11009
22586 24682 4933
265 3491 25485
24357 22951 6015
23093 7717 2865
5649 17796 25345
10331 24730 20125
383 3736 11013
5351 14553 22543
23449 11392 2721
10319 8765 10536
19365 403 571
9432 8954 13961
22159 19360 3313
447 15372 7073
8732 21189 19700
10548 23135 1927
2400 17237 5259
21387 17899 16104
6042 20702 24756
10895 751 11403
1767 17849 17320
13232 16597 11699
16884 14377 5184
15569 1540 25809
4982 1156 4192
16119 23262 22763
6971 2416 23934
13781 6420 14548
13141 18185 18956
15979 7228 17642
6827 16679 16346
23496 5322 5402
8671 9390 15546
4527 15784 18822
18433 11600 21678
8967 14989 5886
4373 8054 7822
16075 25589 131
13203 1419 19414
1118 11076 9784
14474 19692 18615
5553 15313 3324
24842 17057 13759
16757 12297 19191
2405 20848 24197
3065 17313 16530
20567 11890 3529
4048 8327 1542
17279 20054 14900
1665 8808 2994
17543 15647 22823
15111 12132 14467
2597 18777 1629
20059 3688 21677
19815 13217 8407
21031 20010 10445
24035 7498 16331
5189 24771 8367
13360 1588 24812
4760 20572 1356
14850 6331 9596
13937 18501 17742
12278 2184 9483
11978 3846 16637
22133 9584 840
3744 13181 8748
4460 19566 15135
12594 353 9841
8200 7316 14994
1562 12957 10160
22455 5198 14179
15305 25554 15140
2343 13450 15252
1820 8671 5802
1542 4365 12642
2131 5603 18659
15051 20307 20181
12977 5549 10673
6261 22188 6122
1111 22223 3518
9808 17594 4903
15897 4696 7013
10012 10047 4030
12293 16555 2985
21771 10509 6510
1914 18264 12059
15139 4294 7641
7517 8850 21629
10334 13304 19081
22803 20383 14265
24454 3769 11619
11226 2141 20771
8253 18693 19424
8112 15225 18144
20881 3793 13571
5671 2061 299
24566 16141 19567
5111 17331 22719
12285 21175 15898
2449 12174 4869
6091 5715 13133
17122 3606 2094
8286 16002 12020
6214 15294 12096
12106 2366 25421
18086 9073 20941
20728 20512 641
8153 3293 9434
14720 3144 20071
23510 22922 13710
12133 15214 23768
5087 9807 22997
5313 18496 21216
20061 11254 23782
23220 305 7592
17235 5912 14865
13284 19695 15018
3774 12948 22008
24577 25838 20030
21599 8309 5330
14981 5683 1781
7984 21207 17654
24196 20247 7230
6526 7016 11498
4896 14694 801
20921 22195 4291
2187 19511 23096
2305 5459 14281
3798 7586 1831
1557 13870 11850
5805 46 21127
22234 952 13527
11950 11032 3842
13824 11995 10965
17446 17557 15882
8627 11684 25615
1522 5006 21449
181 4006 9551
739 4777 12379
2085 3176 19724
13987 24253 710
7282 22066 13973
19010 1844 22681
10730 25104 11474
3233 970 10745
12668 16399 17664
9382 20163 5570
22326 13020 12572
12421 24 3367
18220 13413 2342
20806 12040 8487
16528 22907 23342
1583 22732 4054
14167 2947 6430
15171 8575 17228
10061 7742 16320
9269 15852 17475
11139 4114 18385
272 26026 23135
984 19975 13680
7950 4158 6694
7570 21468 10840
20106 18612 3303
6844 15194 23268
5835 5235 4708
11144 14907 12686
3987 11186 2274
11755 17754 23973
4195 22061 7906
24638 24631 14769
14924 5578 12415
24276 5726 15810
9084 16906 216
16901 12602 1216
7660 8974 14945
3956 3954 9995
1430 21434 10258
16970 10177 20047
21084 3912 21706
12107 14312 14166
1226 24581 12548
14753 25805 7103
21311 6967 1318
2494 4419 12865
2264 9895 7950
20992 21483 22139
10866 10017 25553
23653 5042 22219
18875 26095 14913
2953 11239 7082
22616 14081 17118
6590 24393 22117
4294 1985 15218
24803 26050 24203
11847 2531 15182
4092 4968 2914
2830 6464 20773
10835 23701 16560
17167 15673 17991
844 6753 19329
19232 18261 11557
14707 15472 19045
3012 3716 25899
18306 19280 11313
6512 6808 4944
18018 11059 2771
1844 856 6948
9471 3956 20445
16834 13696 7718
14229 17964 19824
74 14449 16880
5398 14814 7161
13902 16204 13006
9717 12034 10849
15367 222 26065
975 12753 23215
14779 21921 15471
3262 23994 15060
10645 14838 15234
17871 8647 16582
20602 23536 11361
10910 6880 18367
12012 10592 23900
10570 21060 18390
9019 16616 11957
4480 4609 4515
17301 20968 19572
1995 12649 7006
3449 25899 4233
2925 5863 11100
14345 4464 12448
22356 25311 20162
10774 17229 10698
11718 11702 24974
862 20894 24559
5877 22996 1406
13044 1179 8891
8989 6320 9706
13963 17925 4548
6905 19619 24364
22861 7674 7489
24416 18362 21673
2399 24173 12509
16034 824 10084
13580 15431 2574
15928 14558 8274
8393 3165 3750
10231 11909 17576
481 23381 22395
21011 990 4476
9601 12302 10300
8250 8253 20543
22748 2726 2659
21962 9420 416
12824 24363 9810
15348 18487 13215
9174 20230 18173
17537 10459 19429
6330 5929 19452
19623 948 6153
20327 25132 6787
18902 11880 14698
804 21080 2190
18177 23888 3633
3557 14476 179
6387 15188 18997
19011 5416 3450
3126 7584 954
8117 2859 7253
23427 8502 9978
6231 3134 10670
18200 16594 10192
11250 8851 9919
51 22601 8846
22093 10431 1394
16515 2024 9266
20828 8975 17959
21693 13411 8215
1810 11409 15942
18484 10751 1671
9773 23383 25127
11204 14953 24468
11274 22299 16261
17308 7458 4501
12789 9733 14107
16962 20617 13870
8990 17104 20192
12242 1725 8163
16487 22062 21966
21686 23424 23703
213 25507 25254
13137 17187 21246
10965 15596 21695
14539 13493 18270
15191 570 256
21839 14534 15065
14837 3223 6725
3333 1871 11223
12380 17436 6364
19429 6816 14815
19253 784 3926
3308 1616 25757
14546 2164 5390
18522 15759 19525
6564 2513 2202
14752 20573 9227
15473 22191 25047
3606 8462 25167
18772 9848 8563
5931 13928 51
10681 25271 7400
3411 4998 26004
14536 11791 23804
6703 4299 11291
19448 12928 20819
16616 8896 14226
20124 24801 10943
22938 22841 6850
7249 16803 17040
5003 4381 20401
24910 14230 8232
9724 12400 3804
10016 18953 1948
5614 6567 8722
15255 10860 1243
11189 21785 12914
18692 8307 17525
9241 8156 25611
22974 24211 10600
2654 14522 23388
19595 4668 8188
9209 20822 11434
12930 6168 15508
7668 15490 13826
5640 19530 3763
23821 4486 913
24680 1382 6333
19394 18674 6291
1669 13098 12212
358 16128 5614
3087 12561 19861
22303 11087 14557
7477 10092 1165
5691 16090 4664
9531 10819 21399
4587 11520 17361
17693 15679 14750
19669 10207 608
13260 17390 25686
1534 22480 16022
20206 1571 25793
13439 20278 13815
10366 25403 13078
4806 22324 10974
2038 2792 7048
3930 5824 1516
17163 25262 16964
10215 15822 14592
17716 33 7213
4703 16496 15783
22213 14269 18570
9935 11730 2225
8523 25164 7648
22210 3521 9138
8254 17967 22332
1677 14371 12817
6811 11581 14807
1196 1942 16919
11926 1336 25523
6633 8287 1396
17353 1480 17530
9962 23459 10240
21152 10334 23887
17794 11155 1468
21244 19250 11812
10454 12421 2439
16908 2330 21096
7781 5464 25720
608 15551 3090
15800 11950 25100
17032 6767 3875
7760 18196 24691
11341 4348 8860
17076 18908 11865
1834 24632 9056
5813 11073 18146
19279 104 11721
15117 12904 24252
9834 11931 9667
19124 14788 15391
19752 14724 16360
23368 9025 25929
16438 11235 21289
16937 10138 20094
17968 13355 9183
24195 11565 14522
21394 18864 4256
7407 3414 5929
12863 22422 21590
14195 14426 11093
20754 3889 3188
19040 24841 7701
10877 10368 24049
24624 19081 1224
12504 25099 20772
7409 157 16316
11098 22642 3678
1318 451 3945
3894 14770 6512
20391 21897 7030
7298 3183 25177
6991 17559 5288
4381 10356 12318
8811 23218 25011
15633 10201 8668
18656 9138 4212
3850 15024 12429
23856 2289 13310
16766 19901 10566
18344 17587 4058
8406 13253 23695
7236 21989 16895
23134 23847 2464
333 3723 13097
105 12530 6206
3128 3819 5468
19189 22367 4958
8553 18333 4820
3487 6137 10632
24073 11431 5443
18383 25843 2512
5516 5796 16968
19092 9282 20056
23998 10911 5657
12617 9327 8683
12622 2891 22073
11907 14103 10336
14544 25248 22382
13099 24373 10401
24636 13817 7169
15873 15138 19892
3646 25931 17080
15652 20882 9312
24531 24927 22250
21807 316 6249
695 23715 4091
18837 17352 16001
9067 26172 11604
10924 18411 9872
7135 15605 3766
22460 15108 6716
24826 20740 22166
3859 12099 21960
13638 15445 15699
1680 4458 17073
16684 22582 452
16334 16061 19291
6670 236 4655
262 661 20776
7168 13196 18204
19844 7659 19794
14007 4927 13283
12941 22026 11060
23280 5141 8793
15289 7979 7580
6747 1188 4749
8688 4206 13686
15420 11839 5374
3182 10800 19165
13550 15154 26097
18174 24059 517
23677 6004 19871
12569 3315 8805
2392 16769 4330
19925 11238 5583
7943 14219 12067
15583 25741 17931
7010 14918 83
22257 1594 5839
14260 2644 3576
13326 2835 18237
16161 1069 15424
9365 14560 25097
20497 11627 25581
13753 8367 19391
23478 6522 16377
5999 9052 21356
23602 7625 18675
14123 6236 4974
