26329
18 4 1
5 1 14
3 14 8
1 12 3
12 9 16
16 7 12
830 26130 18955
24711 13036 24553
19088 10950 12305
8554 3789 23928
24044 20074 10381
3779 16946 3017
9123 7182 4380
1794 14104 10567
5424 18519 14250
662 23899 4514
1541 12903 9274
7019 2032 22369
17521 4906 24749
14387 4027 4564
17503 26295 4086
22827 16190 1448
3482 14409 26023
11776 1246 478
20610 25006 3144
19106 9135 8773
20814 21384 14093
4230 15560 22794
22523 12576 6925
1834 18438 9217
16663 24969 8289
23899 25342 2066
21761 25035 23762
52 9709 13347
18173 5118 21859
8721 18053 19608
17511 5990 1741
5982 2403 13934
15282 15526 8093
12254 15211 12113
11301 15531 12455
12981 25302 10622
19584 22351 19776
5915 16820 10358
22326 7772 21763
3901 25422 4745
414 24819 16307
1046 3070 9696
14430 16613 2351
7898 10140 18622
13777 7250 21996
13179 12768 24533
17104 6411 12875
10733 21488 16629
17220 25649 17870
19703 17035 5147
19451 21988 20303
20425 10892 23020
8078 184 599
9378 15316 15596
11502 23383 24542
15710 18473 15213
21224 7340 15133
9285 8796 23189
8329 20094 21952
20447 22556 7298
11823 23336 24849
10776 6500 14144
9117 2760 17775
15132 20944 19682
17222 655 24492
6605 11559 10257
1333 25771 25374
17894 2296 15758
1389 15839 22325
23115 19691 6620
8940 20941 17343
8267 26042 19138
15481 12184 24175
11920 7237 1427
494 17119 24641
12086 22489 11326
17032 10401 4136
19955 18938 12970
9013 5961 11576
18256 20622 13127
12625 22988 8538
8495 24056 24695
730 16654 8499
5646 12874 5933
13937 6216 3697
14201 7105 808
21438 18032 26113
20834 23964 17130
1576 11993 17266
3591 17859 22521
6562 16398 15649
3045 14989 25502
12990 11979 9874
6764 9575 19674
14122 18195 13270
10970 16705 19159
2028 25904 1444
22143 13862 8581
7108 7987 3384
12312 7971 10459
13404 5075 24587
8975 4540 643
21228 20961 25963
1543 9483 16559
7960 8930 22424
18366 2960 17698
7739 9672 20732
9446 10551 12024
4374 22740 2049
2711 22909 12142
11094 15739 20044
17762 19308 10668
2532 21444 26073
21366 9123 3525
11179 4599 7171
3240 20327 18492
5308 10537 13055
18239 22411 21269
15568 10025 19988
16896 24488 4437
6134 8343 15155
5714 17321 19626
3092 20033 3424
5797 23199 21412
10454 3980 14349
4764 2206 25612
10184 24793 10231
20631 18103 10193
24176 23098 25797
5526 2871 17493
16858 20536 7342
21979 4866 14572
9713 16656 20040
2511 5323 17572
13420 23647 8852
2811 5300 21591
23794 3486 10404
3748 24828 6706
9340 15408 23565
9265 20237 13763
21938 25382 16222
19709 8112 10918
772 11462 7967
6723 21256 4507
14089 25643 8608
24774 9950 2214
5785 24269 11371
1007 478 15552
5280 4497 13198
23107 20416 23894
9922 16355 25163
9605 15105 16868
14198 1002 4829
17411 10510 12785
16088 8293 5719
5805 22453 6533
8362 14173 21190
22871 18752 10658
16425 24217 14930
3927 14034 1593
7816 12378 12129
3726 179 25488
13767 10971 14398
4372 9691 19337
9163 627 5063
3267 20339 13299
21845 22870 1353
13299 16423 24383
24426 19943 18817
9222 6908 4641
8819 6118 6854
4941 9779 5782
5585 3585 9590
7486 19395 14458
22151 6283 3729
14642 13912 16595
24164 18714 21766
17382 11267 21650
2108 14798 6800
24103 14371 6337
21172 834 23140
20183 11347 19104
10920 4635 20086
12375 15605 24222
14705 80 20551
21430 24558 22329
7587 426 13171
15099 24140 5737
12678 15618 16260
19385 7742 8366
12819 747 13255
13652 23439 4794
8596 1110 12078
23579 14709 16227
22106 25948 26006
6875 21097 2257
23856 16018 19049
16713 3224 6246
10372 19733 13704
13592 6447 19124
20393 8589 25079
6981 19034 16797
5499 12757 14558
13324 14903 10103
5702 16795 514
5384 587 9161
21514 20268 3111
10535 4281 22935
9773 2447 20569
22962 15690 6609
23736 21064 9834
6656 17662 20069
24343 9897 7766
17647 13720 1295
11118 14464 262
23350 13227 11443
3158 21153 24137
24685 12891 4691
14474 1230 20396
13231 6626 11626
8853 3185 16953
2250 6080 13262
2576 23295 17665
23595 19713 18803
16749 11922 3404
14260 13489 25244
6205 5403 16906
6014 11779 1446
11640 14810 13337
14344 2050 11501
20755 17227 13542
20881 26136 12643
14613 9608 21957
10500 24536 9103
10060 9497 20230
23239 1774 24599
2716 20896 6676
15174 2497 5680
22795 6664 5528
14858 5727 9029
12045 8260 25440
13727 12111 25619
7334 25481 10300
17703 17799 14772
2153 10839 24744
20496 7275 4288
2065 4930 6069
1328 24754 25123
22547 3654 19242
10273 2117 5894
7858 10879 21638
20185 1953 25644
12829 878 13873
15120 26091 16390
4577 17904 22394
19750 17089 934
22936 17822 4179
3916 9658 19991
11128 20816 16354
20192 14681 2698
20553 568 443
12603 8708 12830
5016 12573 13473
22715 13819 4916
8171 16212 14322
16512 24027 6788
4333 1582 17622
9960 22482 3183
23481 18290 18931
24468 4289 17422
8012 20295 18437
9385 18403 6455
3207 24865 3976
14463 24375 3827
7771 20624 2946
14720 3835 6473
22638 26256 13060
18433 21089 11065
6329 15989 6749
21924 1358 21006
2749 4048 8956
15787 12812 11294
3304 16247 1263
17931 3008 18127
23765 11734 12181
3007 16051 5802
7473 25819 18464
2789 15014 25943
2708 5811 8156
14400 12027 1616
18695 9644 856
3119 20404 4201
22215 1736 18429
3534 16217 24990
183 1288 20336
18658 23575 11862
20209 13051 13085
244 5626 19585
4447 13764 3791
22139 15523 13654
23163 21586 16519
22749 11815 17464
20905 7692 761
23913 21873 18540
16210 383 9618
23207 8470 16987
15593 25952 8116
14885 6175 6514
18076 21782 6258
1507 19570 8402
18354 10202 16090
16703 24124 11112
11233 20 16171
22594 12114 14590
5180 4988 10752
4187 19462 19914
20764 11969 20212
24117 611 8229
16624 17665 17087
46 20752 22652
4988 25063 14691
14712 4131 15620
12395 5525 8699
14949 5197 3484
2088 14856 6683
6930 1730 1246
16387 2848 6023
8641 13380 15093
18312 8024 24917
20040 17253 2495
20654 14210 4099
4501 4968 10796
10225 24747 15018
17684 6733 15553
17060 25168 4637
6514 3405 20375
19957 6688 9976
10018 24670 15284
13680 21967 21530
14448 10328 7595
1306 10679 20352
23535 21846 13152
22093 19781 1971
18582 9442 3255
2860 18823 17053
6606 17288 18099
23949 12411 4701
10581 22130 13793
6425 3989 23615
13869 4161 15181
15733 7451 3645
22298 23931 9048
6200 2571 20121
19608 13304 7168
18266 15138 8709
5098 14738 1615
13123 5834 5910
17360 2366 23518
18759 6158 8653
5798 14631 19001
23447 4255 25703
9986 6466 4269
16828 22790 21525
2473 23679 7012
11203 5521 9860
17724 12477 21142
16054 968 3649
14179 25523 543
22892 20546 5568
2485 7356 21930
17598 12075 10965
13422 3939 4483
1890 11476 23785
16994 2701 17850
10939 3051 10295
24308 3639 5410
21922 17734 5931
4589 16986 11298
8197 18875 14936
24000 22407 18027
13273 14226 23049
16030 10487 25545
20776 8884 9233
1216 23131 8315
1771 8773 10577
20134 5688 7500
7064 6281 17726
9053 6269 7234
6057 22290 1902
20280 17453 21812
21466 23784 20963
15353 24629 6503
10413 17199 22491
21016 9316 1002
11351 13934 17180
20004 22418 10853
4078 19660 15842
1962 25713 367
19411 8836 8086
15946 10639 721
21747 11160 19198
13156 14278 6128
7169 22035 21896
20971 1260 19978
12764 14306 9990
19075 11118 10541
6058 3687 8182
18847 1273 14881
18369 13331 9499
21703 7870 25342
13184 19890 24948
572 8390 23630
1469 1449 16842
21634 9828 7837
11738 12825 12353
13806 18868 21789
17545 3871 7868
20128 19358 11667
10640 25710 5851
8509 21516 3299
14843 20201 216
11403 23177 25407
3915 5887 298
18990 14225 2898
8415 11236 9508
2579 12210 2988
13952 12721 2449
23719 11382 1214
23044 4684 7253
8217 20657 13892
2988 12898 11213
6469 26249 5709
13932 9946 580
12011 14310 10874
731 2256 1765
1197 17389 16923
2230 19385 16211
12132 5671 13020
13995 15372 22802
3947 13471 10148
9531 13385 21544
9408 7691 13531
11423 24690 12376
14745 16471 8256
5712 1760 24244
14481 16856 4187
17069 21175 6868
20860 2879 7735
9095 7553 7364
9956 1650 22875
4369 4428 16041
8632 17467 3766
14527 12936 17713
6363 3714 23485
24439 1884 4036
13079 25661 1852
5656 4547 18893
8784 8962 5375
18263 5441 5314
17556 2783 17381
15218 3563 21659
17321 13689 6786
22229 547 9569
4119 19928 14048
14951 1236 13546
21320 17616 2013
1731 2231 9120
15900 5773 8050
6192 18220 11741
2918 5418 1172
21086 14347 19561
10702 13220 11868
9861 13282 24659
22017 14936 3202
18481 8083 25660
13443 6320 10267
18318 14535 12931
8336 2651 4189
1463 15363 8941
17624 4722 3473
24283 11425 20602
4840 24600 11781
20107 18704 5454
15386 1546 1696
10076 3320 2810
4872 7223 5245
9897 14160 25753
10491 19247 14604
20820 22383 11452
24619 25101 3036
19376 24887 20880
12230 6400 7290
10804 8697 18427
23912 3918 25892
20707 9250 9534
2947 1080 20157
21841 23762 7512
11543 15784 3862
13181 16266 17033
11523 17319 7100
7305 7736 1928
16164 11214 5875
6539 18775 2421
4796 26055 8005
16405 9303 25662
24570 15259 4666
4893 7402 11333
15016 17531 2151
203 20385 953
12402 3303 14381
461 14208 4400
4047 18671 22069
24240 17084 11898
17902 19128 22610
21263 13428 10328
9134 21621 14506
19237 18383 15584
4404 1981 19866
728 5031 6697
10098 20447 3231
1924 4231 22277
16698 16482 12234
20700 106 18149
16215 15454 11281
5409 19822 16766
15684 428 893
7352 8241 19955
14162 18116 19387
8839 18600 19060
3513 20824 12486
9213 2537 184
4313 9968 21239
3974 8505 24022
3999 9698 23444
9576 5584 19764
20225 2156 15523
23193 25569 14731
19938 21322 12423
3411 5007 23656
15934 19060 4620
21298 11428 21320
15938 12683 12594
6470 7940 23714
6283 24720 6236
14426 19855 21087
19498 3161 23220
2804 13171 19240
10529 5373 11412
8118 8221 19471
8127 2915 20748
12353 25150 23284
13238 2741 2731
11779 11075 25900
16775 12076 8353
11399 14062 15710
20025 6986 14562
3464 21111 16820
21191 1915 17301
13441 24326 19977
24541 19211 3655
8763 13577 25961
20242 15715 24518
1208 6911 4971
20825 12471 20691
19538 11558 19500
14972 4405 7224
14553 19488 19805
12004 11874 4330
14310 22945 13613
6680 20184 8233
7224 13085 22684
17784 22165 16901
6706 1030 23975
10652 25851 7891
24322 16903 5169
9666 25265 87
14046 1149 7693
22226 3260 22744
16455 13125 23772
19520 1094 4872
13098 15654 18631
102 12296 11227
13523 17708 2232
21399 11115 9803
4040 13748 17290
7644 21921 11711
12281 13986 24402
10308 17466 4721
16560 23400 1756
16309 5914 18061
12463 6228 8108
18111 21841 11891
13955 9249 2609
10028 6801 25219
2000 19195 22157
980 16112 19302
24020 16089 6682
21545 21546 20116
15011 13582 22608
24857 19558 14836
17200 4063 16722
7380 22826 24636
18799 5730 2854
8407 6750 24031
5235 18568 4937
795 23980 24291
12468 3167 25038
9414 13493 404
3470 20167 4600
22482 6858 452
18714 2605 22173
16138 16309 6332
1151 9188 8724
2340 4816 10979
21048 4837 9316
20413 18216 13364
1439 14141 20754
10092 5956 23585
16264 2331 15262
7706 5362 12561
3192 7088 3908
2431 8813 2267
16114 23991 9180
10743 2866 6111
933 26231 15803
16528 22085 16672
12424 10842 22925
18317 22554 18839
22407 4304 1782
8680 12894 19689
7537 17727 15916
14792 5629 9460
16928 8694 18730
3871 22213 22446
3969 16500 15537
2057 7897 19328
8908 7012 7292
16966 13391 3943
7139 10448 2142
18511 1147 16374
17804 22117 2377
23947 17763 20444
11657 6661 19426
5059 7646 6976
15638 13029 23264
24471 12833 22116
22199 20847 5554
24175 23504 5490
8285 15025 20539
14882 24355 17208
37 901 11238
3632 23492 5011
18600 24298 1019
4456 20787 20857
12814 10598 8413
2179 11649 17153
9481 17516 12502
22267 244 3198
5674 23458 13205
23024 9046 14109
13893 22690 20804
13475 6681 11812
8050 12434 3139
18466 6709 15201
5865 26001 6631
9827 18335 1625
142 24254 14449
5162 7067 9608
13372 22518 15924
12630 22396 3604
1089 20106 25125
5611 7821 2010
20342 926 22729
861 24669 18334
15745 4815 11938
17228 24099 9789
2201 21352 7435
24600 23731 18624
19519 22538 10047
6922 16189 14232
11949 3238 13312
3354 12502 17875
16345 20117 15189
17963 16571 15484
9992 20141 9595
6941 4805 23870
15268 8851 11136
5226 16746 20508
5762 6019 21363
20930 15868 9353
11282 19262 8418
22401 16658 1983
12178 9164 18862
1627 15805 4656
4635 8226 17066
17508 22848 21113
5822 4474 17368
24226 4560 24006
23001 5751 6504
15533 22599 16135
3877 21458 328
18687 23044 22154
21778 18018 4461
6809 11643 16106
2322 5434 4520
20047 3164 23354
22469 11625 12676
331 20934 25201
11860 5489 21477
6861 3751 25878
10931 13217 17986
15959 4181 21887
7604 14485 10385
364 18968 12459
5430 13082 14694
23504 24573 14543
3894 19866 18809
2629 13016 4351
22929 20178 22974
19971 7539 10484
14202 19536 7628
20561 11689 13961
680 24767 14317
3375 12062 23624
20797 12272 5201
891 10352 12263
9972 2816 25527
4720 8009 15331
13621 3240 3337
454 22729 6754
10954 17161 19692
20045 26303 25715
16469 14617 1165
12509 8620 18063
23256 785 5647
3455 12389 5979
7712 20704 2712
12944 23531 24336
19867 7170 21153
19276 21716 2095
15526 498 23340
8092 9281 13998
6133 9431 1568
11980 11175 19877
5138 6809 13426
22445 26138 9136
6154 22641 6850
6980 23257 1107
9786 10170 10055
17543 21050 23832
5218 20031 8319
1877 19251 14368
21265 23942 5121
11052 1184 19998
14823 17942 11122
21017 9610 11002
16797 9541 16633
726 13657 15947
1705 23815 20655
21595 10869 9902
24666 16672 3709
14127 17645 17955
12672 17576 8535
24491 17354 3557
9671 22941 11163
6410 48 22835
4596 15004 6369
622 19617 22434
24643 21340 23669
6724 8424 4232
11306 26036 18682
10343 5984 14407
5461 10023 1922
6309 9722 10733
11898 19171 7483
464 13418 15198
5935 1243 9741
21898 9386 7557
16010 9982 19852
7946 24422 19136
9760 12536 16658
7177 12973 20898
17274 25380 6174
22020 10657 25566
22030 6546 8927
18873 3120 5335
24621 23539 6734
10889 9754 22565
2873 24000 11098
6248 13241 22399
12816 8966 3600
18325 21218 24879
2672 7409 7112
18047 3234 23098
12937 13951 1386
21546 132 24443
6857 15157 22481
15866 23089 10448
13990 15492 20187
13572 24803 23401
11450 14598 5117
19363 4344 16427
3553 1399 6574
10312 8036 22217
7258 1874 15434
23284 14424 4672
8883 19417 25761
11567 25884 4782
7963 13100 18257
3093 4387 19538
2578 25209 2515
17153 7178 24113
4147 5260 12343
24811 6353 18190
19318 5167 1486
11689 15038 1697
8558 24053 23305
11158 19004 11413
528 5628 7815
10729 19108 18963
19135 20084 5024
17458 9210 10512
7670 19073 17808
6107 22337 9070
1946 23609 18638
8453 196 17913
1631 634 15804
21127 5858 10819
18932 7131 18231
14579 11621 24075
16609 17421 1321
12716 24340 5262
7277 10600 2694
4797 15078 4002
4412 23719 13841
4768 7601 8898
15494 19145 21540
3621 7030 14279
24377 13618 12190
23759 7134 2976
9631 6058 2653
14211 6764 14626
1472 23977 20815
1381 15330 2194
10615 19930 7634
4274 23858 9401
13056 25460 6890
18199 22427 21791
15436 24450 2738
22680 11006 8925
11006 26156 3079
18450 19992 7205
16951 1606 22019
20529 20473 5613
12879 235 16451
17999 7629 10525
17037 1815 13830
13360 17985 1146
20773 18247 11541
13557 1315 1985
8931 15902 21116
7254 6166 16496
12587 3759 24566
15327 9484 21462
12100 9224 12457
8954 10761 21673
10862 6416 12882
14497 5540 21718
12171 8652 6418
18550 1496 134
12761 17221 1804
5746 2949 4693
2292 1453 25833
23976 21004 22247
23682 25360 8445
7185 2535 25253
23114 5210 6051
14907 22431 3544
19831 11316 11976
11161 26201 6306
3682 294 16329
24074 18316 24959
23640 25245 5080
24755 25955 2309
12317 2963 20492
4547 25394 9411
14033 6595 13746
18958 11423 231
3812 11576 10685
18648 3440 18292
21026 19192 7073
2372 6982 20256
7312 23036 40
16694 15307 6637
21952 2377 24796
20379 14752 22052
7391 10113 11038
23399 22393 9661
13844 7301 7137
14660 10285 21563
16009 12046 9003
23451 21400 8464
20559 20580 18571
15211 1004 8614
19904 25437 1256
7441 4108 12435
1682 21734 1724
16800 4330 7396
12174 21828 16500
12202 3219 1485
12887 10722 11290
4900 24930 21041
21467 18631 14798
4684 13801 13567
6237 359 9565
22483 12643 18378
13037 12164 16575
2269 12260 1518
2813 18165 15398
18531 19816 11397
5463 13540 4015
10853 1844 25421
7974 8155 12712
4656 22639 14657
13080 11455 20973
18075 4014 12143
12382 10248 6431
8036 1689 673
22248 24342 15879
1134 6277 14984
2664 9870 26151
11497 10929 5693
19150 21293 12548
5955 5648 13493
19026 4740 20311
11590 16121 13689
19200 9358 19725
4603 9091 3601
5503 20796 2567
1211 10064 18764
17848 9290 7915
24719 24177 15997
1832 5570 12065
21665 14578 9586
1680 16148 15759
18908 23746 17529
20077 15941 21600
5567 15199 7667
13897 4759 15915
5535 2080 6935
5340 11853 10006
18413 20471 20634
24738 8196 15864
1265 3608 5267
19798 705 17228
15844 9016 8455
10327 18906 7959
15809 3530 25638
10139 332 6191
9301 20465 17374
21809 26310 13620
2397 7038 2554
1594 10693 2979
3004 25728 9933
3858 8752 12759
22360 25466 1792
8794 6941 22298
15063 10804 15365
19687 8526 14179
20061 3357 15121
23310 25988 19259
19643 22252 24419
16818 14948 18086
21869 1670 15067
18143 13189 15681
16006 16524 6395
7502 14264 1547
22068 23230 14191
13297 12344 14969
20321 1398 18904
15209 23120 24820
23842 21669 2782
254 25612 13378
18623 2856 20930
12547 8571 25666
21480 16681 18589
299 20519 8813
24897 1186 25404
15101 12601 12151
24764 11360 520
13826 7494 1064
7903 2018 25299
23087 11041 1647
8055 11522 7032
