2849
2312 2570 1107
2008 2735 2471
1376 770 2274
872 1728 967
1341 0 163
2456 547 2475
2512 68 2108
2058 1760 2496
2652 2001 1902
2734 19 816
2178 2029 2404
1735 592 738
2720 264 1500
2224 682 1619
2660 2791 2070
1878 2757 2
1824 1493 2196
1233 2057 2499
1904 2337 2010
2475 2645 351
178 2632 2505
2246 2618 63
694 1824 854
1512 2586 2162
2033 2113 528
2268 2679 2030
2290 2760 2440
784 2707 2288
915 813 2480
2082 1108 1703
2396 1527 1924
2668 2800 212
1269 2140 930
1930 2714 571
1000 2747 113
1642 312 1002
226 2657 614
739 1629 1946
2611 2816 2330
464 117 1277
2714 2460 2484
1578 1457 1407
2730 2293 1730
1851 2315 1343
2106 2721 396
2560 637 2414
1765 1148 657
1795 2517 2461
1956 1268 2502
2436 2400 1808
1305 2270 2050
2545 2832 698
2622 1188 2507
29 2689 2447
2676 2787 17
2744 856 2424
2700 1346 2343
510 455 2244
1673 726 1832
828 2741 892
2707 2221 2259
1041 1422 1141
2743 2763 1968
958 2167 2302
2529 1695 1647
274 2420 1856
2633 1384 2369
1704 2479 1037
556 2358 1989
79 2602 440
2725 1561 2393
2333 1228 259
2684 1885 1175
2737 1792 1590
1410 2553 1757
370 1855 2179
1545 2246 1675
2574 1307 2506
129 2440 1530
2354 360 484
1196 1914 777
2587 1662 2126
1444 2755 2488
1120 2194 1209
2599 1943 1879
602 501 2089
2416 2698 1243
0 1026 1072
1158 2379 2212
2130 899 2466
648 2498 2144
2494 2770 1310
2746 1972 2316
2154 2668 2492
1478 1067 1783
1610 2751 1375
2692 942 2228
322 408 2432
2375 2085 1438
2201 2728 2454
2740 166 1469
1081 2535 305
417 1595 2381
2643 215 1560
1982 984 2356
