26335
1 3 8
5 14 1
3 6 12
12 1 3
20 17 25955
14 12 10
15089 26274 25508
24090 23928 24328
21781 21969 11493
24658 4397 3250
15647 26171 25959
13664 9920 22331
23608 9018 21911
10104 12528 25040
24424 1223 17721
21799 16144 25763
24809 15517 8283
4407 23088 19792
20015 20528 3297
23242 21990 13295
24538 25565 24341
5577 21397 12481
15120 23943 68
24734 24258 13331
20499 18067 10713
16277 18096 10193
24430 23720 23448
5621 5547 25516
18863 20128 25050
6457 14135 23464
15151 12565 19038
23255 23106 17750
22087 18647 25060
73 24664 23057
17632 1272 18185
7145 70 22787
23761 18125 23736
14225 6357 18633
4452 25856 23751
17362 2448 23480
24543 18154 26082
23901 9960 13367
18887 16176 17779
20898 13379 20676
12916 1321 26043
22920 23958 12518
8720 25466 21136
6500 120 5070
21817 9059 19064
24548 17467 26084
16306 20153 20699
24811 6401 25310
1323 26245 25644
23751 18675 25963
24813 26181 25865
24436 1370 21158
2731 3504 25524
20037 12602 17808
22934 25002 6060
24242 24272 20292
20520 23448 24853
19463 4443 1068
24662 23736 21180
22376 23465 16531
24249 26193 25870
1372 6885 6104
11092 3551 17151
16886 4489 14087
24442 20960 15227
7187 23482 25651
24448 170 19090
24865 23499 25070
2107 2496 17181
24098 14170 26135
123 18183 25967
2155 21419 24864
22948 25965 19817
21835 24677 21554
23268 19660 3344
16335 24690 23074
12950 8304 22805
22962 18212 25658
24553 3598 7380
24815 17497 118
8760 20983 168
24256 26037 19842
24558 2544 7423
22976 6928 1117
24866 26039 13403
23771 23516 4472
22680 25014 24601
24867 19686 2146
16914 22011 11531
17658 24703 20722
21853 14905 20316
15677 5592 6148
6543 20178 16019
2778 23973 19867
2825 24286 18213
4497 15550 25532
24563 22032 17837
11499 9100 10752
16364 6445 26086
24106 220 18660
15182 21441 21931
24568 23752 19892
22392 6971 24613
10142 25685 17211
12111 7014 7466
13697 26079 23496
24737 16208 25080
24740 25968 23766
14257 22708 23512
12146 3645 9291
15707 270 23091
24573 16240 26136
18911 5637 19917
20059 320 23108
5665 24300 10233
13730 25026 22350
18935 13415 14717
17389 25038 2194
14289 24314 25875
22104 25692 24006
18438 10720 26046
14321 2592 20340
20918 3692 19116
14353 15583 2242
24868 9141 1166
24869 16816 218
11129 25475 22369
24666 20203 25665
7859 25346 19142
19486 24716 11569
173 21463 13439
23910 25573 13475
10180 25356 21202
10218 10000 22823
2872 26160 25971
20541 10759 268
24817 16272 4518
24819 21006 25319
2203 6489 6192
15213 12639 18241
10256 4535 21951
20938 16847 17241
22990 26205 25880
7900 7057 3391
19509 24328 11607
24870 12676 25672
13763 26226 25769
11166 23124 22841
23476 18241 19168
9480 22368 26137
16942 7100 25679
24263 16878 14751
12984 7143 11645
17684 15616 15260
24743 26041 7509
2919 19039 5115
17710 20 22859
22121 18270 9332
4542 14205 1215
20562 21029 25090
15737 12713 25775
20958 18703 21224
7229 25170 24354
20081 25861 24020
23781 14240 25328
24821 25699 318
223 25706 23125
11203 4581 24367
18959 10798 15293
18463 2640 22388
23281 1419 21246
6586 25971 23781
20978 10040 24034
2966 1468 21971
17736 21052 25885
22408 21485 2290
2251 12750 12555
21871 21507 14785
23619 11578 20745
16393 1517 25337
4587 25050 368
23004 11616 16051
21458 6533 1264
24823 24729 21991
23630 1566 17271
24270 24742 21268
24277 19712 22877
24114 23988 10273
22138 26043 18687
24825 12787 5160
10294 13451 3438
17762 17527 13511
23791 11654 25686
16970 22727 14122
11535 12824 14157
22424 18299 15326
13796 25901 23142
3013 24342 25100
6629 15649 24875
11571 25366 24625
7941 2688 8325
16422 22746 24637
20998 16909 6236
10332 19738 20768
24670 26149 25975
11607 15682 5205
23801 20228 25781
18488 20552 22407
15244 19066 18269
3671 25581 10791
23294 370 15359
9519 20253 24886
19532 20278 19194
18983 25974 23159
13018 1615 1313
11240 18731 19220
23811 22053 13547
1421 24356 25346
13052 21529 11683
17788 26117 26088
24284 25790 20
24291 14275 9373
15767 14939 14819
21477 11692 25540
24827 9182 15392
4632 22388 25787
17814 3739 22011
273 26298 25355
14385 24003 23176
6672 13487 26090
22155 4627 25110
6715 17557 10313
23919 19764 25979
19007 26045 15425
16451 26047 10830
16480 21551 23193
22440 6577 19246
22172 9223 12592
13829 11730 25793
12181 11768 24380
14417 23533 19272
19031 25977 22426
7982 15715 2338
8800 25980 22445
21889 8346 18297
20583 21075 19298
17840 26221 25890
13862 19790 8367
19555 11806 8409
24578 24755 26092
3060 15748 23210
12216 10837 23528
8840 24768 24649
24298 18759 23544
323 21098 22464
23488 10876 12629
23500 11844 25895
2299 17587 22483
17866 12861 25548
23641 24370 25693
15797 25589 22031
22189 18787 24048
24454 22765 25364
20103 6621 5250
6758 25983 22051
13086 7186 21575
17892 25866 18714
22456 19816 24661
11643 20576 7552
23512 25713 23796
19578 19842 20364
24746 24018 8451
19055 16304 18741
19601 14310 22895
13895 21573 19324
23652 3786 14192
4677 15781 17301
18513 13523 17331
7271 10915 19942
22206 25597 15458
13120 18328 25900
23018 10080 14227
8880 24033 3485
20125 24781 25983
373 22784 16083
14449 7229 21290
16509 5682 25373
10370 11882 1362
23307 16336 18325
22695 25181 22913
24749 21121 19350
17918 22803 25382
21496 24384 12666
9558 25062 16562
23663 20600 25556
21515 17617 2386
21018 19093 23560
16538 14973 25799
22472 16940 8493
23821 26049 20791
23928 12898 13583
24674 25986 14262
15827 14345 10353
3717 11920 17866
18538 6665 3532
13154 2736 16593
24583 7272 7595
14481 14380 4564
4722 25989 10393
20147 9264 22502
12251 4673 2434
13188 3833 24897
23524 4719 23576
23831 23768 25120
24 18815 10433
5709 420 24062
10408 22822 6280
6801 19868 9414
23937 25376 22931
3107 23784 25987
9597 7315 7638
24460 14415 16115
16998 11958 26049
24122 17647 17895
24305 24048 25130
24829 24794 9455
21038 3880 24076
23674 26302 25140
21907 25605 18353
9636 25871 18381
24588 25074 16624
24593 14450 22071
3763 24063 12703
3809 22408 20814
2347 25720 1411
21534 23550 16655
23946 9305 25991
18563 14485 21596
23032 22074 24090
23841 22428 3579
3154 22095 25150
22710 20624 15491
20169 24398 20837
5753 19120 22521
23320 14520 24673
21925 9346 6324
23333 5727 24393
423 16971 18409
17416 21144 22091
13222 14555 12740
5797 20303 25391
19079 22448 25564
23536 7358 25995
17026 25192 21312
24598 15007 13619
12286 19147 26052
3855 22841 23811
8920 24412 26138
13928 20648 21617
20191 25203 3626
8960 25613 4610
24312 470 2482
24678 19894 24685
24466 15041 22540
15857 13559 25905
23548 10120 22111
15887 25905 24104
10446 20328 24908
13256 15075 25805
21553 4765 12777
11277 15109 5295
17944 4811 21334
17970 26080 24118
21572 9387 20388
13290 4857 3673
10484 10160 22131
22725 22860 25910
23046 24078 6368
24831 18357 26094
24319 1664 18437
21058 17002 15524
21078 25909 14853
19103 11996 1460
19127 21167 21638
20604 4903 9496
1470 4949 25999
19624 21190 5340
1519 10954 24697
5841 26051 1509
7313 25621 22559
24871 3927 22151
8023 24807 3720
24872 17033 25160
13961 10200 26139
8064 21595 17361
24873 8388 23227
2395 23567 18465
20625 25484 21659
8105 17064 21356
10522 24093 12814
9000 24108 25700
23346 23142 10473
23060 24123 8535
19647 18843 4656
24130 520 14887
4767 24820 25170
473 25913 23592
23359 8430 19376
1568 19174 3767
17996 24138 1558
5885 1713 25400
5929 19201 16147
3201 12034 24919
523 15143 19402
24752 25917 19428
15275 8472 16686
10560 25629 20860
21098 26128 26096
23685 3974 20883
24472 19228 6412
23560 25992 20412
4812 17677 11721
22740 13595 23826
21118 21617 24132
24874 19255 17391
11679 26081 2530
10598 17095 19454
573 623 17924
24755 13631 4702
22223 9428 16179
6844 12072 12851
623 4021 8577
22488 25876 24146
24875 26308 25180
24603 25921 22578
13324 12935 6456
8146 10240 23244
23696 16368 17421
21138 26325 24930
9675 23584 14297
10636 13667 15557
20213 23160 5385
4857 25796 22597
24478 26315 24941
17443 17707 3814
3248 25214 15590
24833 24426 3861
22504 4068 26098
12321 7401 21378
20646 13703 16717
20235 2784 16211
24682 22468 418
24758 4995 1607
23955 1762 19967
18022 12972 24406
3295 13009 15623
16567 17126 468
24876 1811 518
21943 24833 24952
23851 25925 14332
24761 2832 21680
7355 15814 9537
673 21639 24160
9714 17157 26100
21591 22116 23261
17054 26053 5430
20667 25727 21701
3901 18386 13655
9040 20353 23608
13358 12110 13691
24138 19282 10513
16596 23800 8619
8187 20672 20436
17470 25734 20906
11715 21661 13727
24764 25086 17953
15917 18415 26102
14513 15847 18493
24326 7444 10869
18048 570 24709
24484 25493 23841
19670 23178 24963
18588 25995 16243
14545 18444 16748
20688 25386 13763
723 13739 26140
22520 13046 6500
20709 24440 23278
18613 24846 25572
23964 25929 21400
24608 25396 1656
24835 1860 7681
23973 7487 22949
19151 26095 26106
1617 26106 26117
24877 22137 25580
2443 17188 16779
8228 24454 17451
24686 21683 5475
19175 22158 4748
24767 7530 22171
21158 26055 24721
24333 25802 7724
3947 21705 22616
19693 2880 18521
24878 13775 5520
21178 24859 26003
15947 2928 25811
24340 25741 11759
3342 5772 7767
8269 22879 1705
20257 23601 23295
24770 26057 12888
15306 15880 3908
6887 25881 10553
16625 23618 8661
24837 7573 17481
16654 2976 12925
9753 22488 24733
24146 13083 24974
24839 6709 25409
8310 23196 20460
20279 20696 21722
24613 23214 17982
24347 19920 9578
1666 12148 25418
22755 15913 16810
18074 673 9619
17082 22898 21422
22240 1909 10908
23074 17219 6544
20730 21213 23624
23982 15177 16275
21198 24468 17511
18638 22179 25427
8351 25225 9660
16683 8514 24745
22257 723 24174
23088 7616 9701
22274 23232 24757
5973 20720 24419
24690 24872 23312
20301 19309 7810
24154 12186 1754
6017 17250 2578
18100 19336 25190
24694 25236 19480
20751 25998 6588
24354 23250 26119
24490 17737 26141
23991 25886 18011
6061 15211 25817
20323 23268 21743
12356 22917 25707
6105 10280 7853
20345 14590 24432
24698 8556 2626
22770 19946 25200
24496 8598 21444
13994 12224 8703
24841 24482 26142
16712 13811 8745
20772 26123 26121
10674 20744 23856
24773 17767 10593
24000 25808 9742
3993 26082 11797
9792 21236 25210
18126 3024 3955
24361 3072 21764
13392 7659 25714
18152 23635 20929
15977 24153 5565
21218 3120 25915
22291 773 16841
773 15946 20484
20793 7702 16307
24618 13120 4002
6930 14625 8787
24776 7745 568
23102 5041 24445
22785 23816 6632
18663 13847 25721
9080 3168 24985
13426 22936 19992
15337 26001 16872
24368 23832 24996
18178 5087 17541
15368 3216 23329
24702 26083 20508
1715 10993 25436
11751 8640 26123
24623 9469 25588
14577 26250 25728
12391 26084 6676
14609 25637 20017
17110 23848 23640
17497 25502 19506
19199 21259 26143
24879 10320 25920
24628 13883 26125
9120 25098 5610
21238 5817 6720
23707 21727 25925
2491 22200 6764
24162 24496 6808
4902 16400 14921
12426 25247 5655
8392 23286 9783
14641 4115 10947
23572 25258 22191
24880 823 19532
4947 5133 6852
18204 5179 25930
4039 21749 1803
14673 22221 20952
10712 18473 12962
23584 25933 24188
19223 22955 618
24502 25891 17571
4992 14660 21466
24508 25269 15656
22800 23652 14367
7397 21282 8829
19247 25511 12999
14027 25896 23346
3389 23304 26144
14705 16432 668
9831 19363 25220
24881 26059 20975
10750 19972 25230
8433 26135 26055
823 26280 25596
15399 22974 10986
19716 26004 14955
24514 11032 14402
24633 20768 23871
24170 7788 25445
19739 23322 25823
17138 19390 15689
16007 11071 25454
21258 26061 23656
6149 24885 6896
24843 13919 2674
14737 26007 5700
9870 5862 13799
4085 25748 22211
21278 9510 11835
22536 1958 24202
24882 19417 11873
6193 24898 24769
24779 22508 22231
24009 20378 7896
873 25110 24458
19762 18871 5745
5037 25520 20998
24845 26217 25935
20367 10360 18768
923 24168 4794
15430 873 26007
17166 15245 718
21298 5907 14437
24706 11110 25007
2539 25755 768
24638 13157 25940
22815 20792 24781
973 14695 25829
13460 3264 21488
8474 24183 25463
21961 22242 25240
14769 22528 21021
7439 25280 9824
5082 25291 11911
12461 2007 26058
11314 8682 23886
16037 26085 6940
7481 26086 11949
4131 20403 24216
16741 16464 2722
21610 24198 25735
24883 23864 25604
24178 26087 22967
15461 26063 20042
20814 15279 11987
7523 20816 25472
11787 8724 11025
18230 19998 24471
9909 25406 20532
23116 15979 18795
24018 2056 16903
19785 11149 1852
8515 15313 2770
21629 5225 18822
24526 24510 26127
19271 20840 16934
24710 15347 25250
20835 24213 21785
24782 21771 26061
6973 21305 25835
23130 11188 23672
19808 21793 25260
12496 10400 13835
22308 17797 11064
24186 5952 26064
15492 24524 21510
2587 25814 18040
21979 25762 6984
23144 26010 4049
23372 23340 13871
14060 25769 22985
10788 16496 2818
23158 25645 24230
24194 26013 9865
3436 923 25481
9160 973 22635
1023 13955 18849
15523 26016 13036
15554 19444 23901
24375 20864 25612
12531 24911 18069
24382 25820 4840
14093 24538 18549
24027 21815 25841
1764 5997 13073
4177 20024 25945
11823 26232 25847
22325 20888 7028
7565 2105 8871
23172 16528 23003
6237 24228 14989
15585 22548 4096
24389 25302 16339
22552 12262 15722
24847 25776 12025
7016 24552 25742
10826 16560 21044
17194 2154 15755
24036 21837 7072
17524 3312 22654
11351 25653 4143
11388 25661 13110
7607 23358 4190
24396 2203 24244
18256 25529 818
24884 25313 20067
19295 11227 13147
19319 2252 4237
19343 23376 20092
10864 2301 26011
24885 12300 11103
8556 16592 2866
24849 24566 12063
24202 26065 15023
23385 25324 24484
14126 21859 19558
7649 26067 8913
21318 7831 24258
24045 15381 13907
24785 15415 20117
24851 16624 868
18282 7874 13943
9948 25416 16965
21648 25538 22251
12566 23669 16996
24520 10440 26067
1073 14730 7939
7691 25937 918
22830 16656 10633
24403 25426 19584
9200 7917 24793
19831 25122 5790
9240 5271 13184
5127 25826 2914
16770 25832 8955
24853 26224 25853
21338 16688 22673
20389 22263 23363
16067 26139 26070
21358 26019 2962
19367 6042 12101
21378 9551 24272
23186 18899 26129
23398 13194 24286
24210 7960 16371
3483 26069 23380
23861 21881 4886
10902 2350 24300
12601 9592 10673
20411 13991 23916
15616 20428 7982
5172 19471 24314
12636 9633 20142
24788 1023 26145
16799 12338 12139
11859 8766 20167
17222 25941 8997
24410 14765 9906
1813 4162 1901
24714 8808 25270
13494 26316 25018
24643 17281 20192
21398 23880 8025
3530 22993 26015
23411 8003 20556
10940 1073 14472
22845 4209 17601
21667 25436 968
18308 10480 22692
18688 6087 13979
19854 22568 24805
23718 20453 14507
18334 23394 21067
24886 14027 11142
3577 25945 20580
9280 10520 25280
4223 4303 9947
5217 17827 16403
1862 10560 18876
10978 26022 14542
24791 17857 17631
6281 26088 21532
24718 22588 12177
22860 25446 11181
5262 24580 24497
11895 14800 9039
18360 24594 15788
22568 12376 7116
7733 11266 9081
1911 22284 12215
5307 18502 15057
18386 26025 19610
13528 25949 12253
22875 16720 16435
5352 26219 25950
17250 11305 26019
7059 19498 24510
12671 25134 16467
17278 18955 18903
14801 20050 26023
23729 25669 12291
1960 11344 7160
24532 14063 26073
12706 21903 9988
2009 13231 17027
12741 26028 9123
24218 16012 22271
18713 24924 15821
9987 9674 25290
19877 25838 14577
9320 25953 21806
5397 12414 7204
12776 14835 26131
4269 6132 16499
22584 11383 22711
22890 6753 15854
19391 5317 15091
24226 25547 5835
2635 23686 23704
19900 18531 25029
23596 16045 22730
24794 8046 14612
22905 8089 20217
24054 11422 19636
24722 26162 26027
22600 17887 21827
18412 24937 23931
14833 20478 26133
20856 8132 5880
17551 17312 1950
16097 17917 5925
24797 8850 24523
14865 1123 1018
24800 25844 3010
22616 26287 25620
16127 8175 5970
19415 5363 17661
11425 22608 25300
10026 26071 4932
24887 1173 23021
7775 21925 24536
11931 17343 3058
21997 17947 19662
6325 12452 20242
16828 23012 17058
7817 22628 13221
24063 16078 9165
11967 6177 23688
16157 18927 1999
23424 17374 23397
14897 26073 17089
4315 6222 3106
23871 5409 9207
20433 26031 18930
18738 25957 4284
20455 25677 4331
24726 25556 11220
17578 20076 20604
23200 5455 23414
1123 19525 18957
2683 26034 14647
18763 11461 17120
5442 8218 18577
24888 23896 19688
16187 6797 14682
24855 8892 23039
24417 20102 11259
13562 21328 25749
14929 21351 22291
19923 3360 23431
22015 24608 11298
24730 24950 22749
17306 26090 26146
1173 11500 26031
8597 11539 4978
23437 10600 12329
12003 23412 5024
23740 20912 26035
9360 10640 2048
21686 22648 22311
19946 25146 18098
3624 17977 14015
21705 25850 23946
12039 13268 21848
24072 18007 22768
11016 9715 4378
17334 26075 15125
22033 25783 15887
24889 26261 25628
23450 13305 20628
23214 9756 3154
21724 24963 14051
22342 25961 15159
24234 19552 11337
24648 22305 23720
1223 18560 24549
17605 21374 12367
2058 23031 20267
1273 19579 23961
11462 18983 11376
14961 16752 26076
19969 22668 9249
24653 2399 11415
4361 24976 7248
21743 10680 7292
24857 24622 24562
11054 22688 26039
24859 9797 7336
19439 23912 8068
16217 3408 12405
22051 25158 19714
12811 5501 26147
14993 13342 10029
6369 22326 10070
21418 26077 21869
22359 20503 23976
8638 17405 4425
14159 8934 12443
20477 18037 25490
22632 16784 25636
12846 16111 25859
5487 19606 6015
10065 26255 25756
15025 23050 15193
13596 18589 24575
14192 18618 25499
24803 8261 8111
23463 22347 19740
8679 24243 24817
18788 9838 18984
12075 14870 15920
22648 6267 24829
22664 3456 24841
9400 24989 8154
6413 12490 20652
23881 9879 24588
16857 23069 19766
16247 19011 18127
24806 4256 21090
12881 24636 21890
18813 19633 10111
24861 15449 23991
20877 26089 19011
24863 25335 18156
23228 4350 18605
5532 17436 3202
18838 25456 15953
9440 23430 13258
13630 20936 15986
15057 23703 11454
24081 6841 26079
21762 8976 17691
23891 21947 21113
22069 6312 8197
7102 24650 8240
21438 15483 2097
19992 14099 10152
