5089
1884 2260 2693
957 4510 4110
1925 49 3368
4149 4827 2850
4851 4524 4877
4861 1493 4574
3617 4017 4129
1095 3561 1653
282 5024 4827
4674 4385 60
4584 3023 1354
4040 1 4859
2590 3155 1222
1966 1007 4878
3971 3590 849
1586 4877 4390
3643 2709 2349
3773 685 3816
3451 4552 4405
1758 4617 4241
4062 4884 1266
2420 3893 4759
2127 2298 4710
1140 4757 4148
331 4040 2524
5023 4401 1857
4365 4063 4610
4599 2989 4632
2722 299 4831
3669 1866 4871
1003 4199 110
4980 495 896
2623 591 4642
5063 4977 3394
5077 4905 943
1185 4767 1896
3563 3619 4807
4169 5005 3498
4614 3789 160
2914 3187 2241
4488 4417 1397
1230 1407 4873
1629 1187 3147
4084 99 4535
4629 1661 3839
4437 4947 10
3219 4777 3523
32 4317 2558
4986 2026 2880
0 4565 3883
3248 2065 3175
2945 2104 2592
5042 2336 3904
3277 3347 4420
4783 4433 3925
2454 3969 4765
4744 1052 4835
4911 1535 4717
2754 4155 4812
4644 3648 4167
4688 4787 4724
4189 1577 4731
380 4797 1935
4929 4629 4326
4106 348 460
3695 4713 4817
3069 4911 3648
1049 3378 4839
4383 3409 4843
4702 3056 3548
3507 3471 1974
4209 731 4738
5039 4807 3573
4504 4981 2910
3994 3815 4745
5049 5020 1440
4659 4578 2757
3798 1097 4651
82 1702 2660
1275 3706 4465
2312 4817 4678
1410 3841 4435
3306 2526 705
4945 4591 3287
2656 1231 3420
576 149 4862
4807 2143 4258
1800 4985 2167
5068 4917 4686
4871 4177 210
1842 4219 4030
2164 4538 3203
4716 2744 3946
4730 2637 4342
4992 777 2277
3479 4449 4865
4520 2374 2940
2976 4724 3672
2007 4641 753
4757 2779 4771
5027 1275 801
4818 4845 1694
4881 2814 3598
4770 2563 4358
4229 4653 1177
3007 4989 4548
4829 4952 4374
4952 1450 2970
1672 4853 3000
4401 3219 509
3335 4993 1735
5078 4923 3060
4289 5008 260
3364 1906 3623
2488 4465 4875
3590 4334 3030
5045 543 3089
2522 1319 2725
2556 5025 2204
2786 199 3314
5031 4665 4479
2348 5022 3231
3823 1142 3118
429 249 4586
3721 4735 2788
478 3762 4847
4419 1946 2384
4891 823 4050
2201 4997 4752
3099 5011 4851
3393 4677 2091
3129 869 1483
4536 4086 3967
5044 397 2819
4308 2849 1569
4998 4351 3446
2689 4861 558
3422 4279 607
2048 4298 3341
624 3944 3988
132 2884 0
4327 1986 2419
5003 3867 4777
5067 4957 990
3848 4604 4493
4249 4689 4598
2384 3089 2013
5053 5014 1526
3747 1619 2129
4552 915 2052
1454 2412 4868
4840 2182 3696
816 5017 4660
2818 0 4822
3923 5001 4275
2238 4480 3720
4920 3122 4783
2850 3993 1817
2089 4109 4292
3159 3440 4450
4128 638 4205
1498 3501 4561
1542 4929 2313
4346 961 4669
4795 2221 310
672 2919 4789
3038 2673 4070
4454 4962 4309
720 1743 1310
4959 3734 3768
1715 1363 4694
4568 4869 3472
863 2600 3744
182 3677 360
4017 1784 4795
1320 3251 1037
4901 2954 3861
4937 4495 3259
4966 3531 4801
910 5026 656
3873 3918 4223
3947 3283 4090
5035 446 1611
4269 3315 1776
232 1825 4879
4973 4746 4009
2882 4368 4880
527 4967 3792
5082 4935 1131
3535 4891 4621
768 4941 1084
4471 2450 4507
2275 4898 4702
1365 4972 2454
5047 4239 4186
3189 4259 2626
5008 2488 4521
3898 4836 4855
5013 4701 2489
5018 4132 410
