1346
1218 892 1288
1160 589 62
702 1130 515
880 708 632
811 1133 853
345 764 1125
1225 1040 1271
210 935 302
508 1103 783
428 489 887
547 868 1219
1261 164 1233
256 208 1215
1016 843 953
664 25 708
1175 524 593
387 1 1184
1189 252 1319
1124 1091 1062
1243 650 1254
967 1067 433
739 914 984
1104 1007 1206
161 72 474
1039 1142 1083
16 791 920
586 1136 746
846 119 16
1231 419 1263
1209 382 1302
1262 817 1242
992 1139 390
1253 1054 1012
468 1079 1165
1 1120 1040
64 953 1224
1265 971 112
1257 1024 670
302 1144 1196
1237 1146 2
1143 296 1334
1248 557 819
775 1125 1145
1061 620 346
114 339 554
1199 679 1325
911 989 1104
1083 455 212
941 1112 257
625 736 162
