2535
2455 1239 2075
1197 55 859
2016 1937 2451
2417 1649 1694
60 1273 2424
0 1676 2394
2384 942 900
2070 2275 328
1235 2360 1364
1908 1782 2459
2087 2265 92
260 2374 2433
637 1307 2235
2435 823 2524
1481 2312 1665
1707 2157 2342
1541 863 1504
682 2170 1810
591 2196 2217
2394 1 1723
2468 1504 2493
1077 1956 1863
1862 1094 2355
727 349 1254
2462 1975 2497
308 394 2466
2244 2362 2442
1733 1204 1399
772 1593 2159
907 2334 1178
2034 2294 2490
1930 2375 2478
1653 1730 2096
2121 2208 2031
1118 1167 373
1952 2364 2472
2169 2129 1328
1382 2032 2491
1416 2320 1022
950 2284 2267
2184 2327 1888
10 1994 1061
1885 2049 2117
2137 528 1752
1569 980 2138
1759 2366 598
817 2143 1291
110 571 2404
356 1534 1
403 2340 43
1597 1341 2368
1158 2303 1434
2464 205 2053
993 2232 817
1511 1703 4
2258 614 774
2052 1806 1604
2272 1018 1938
1974 2376 642
497 2345 418
2440 1442 2517
2466 2099 1216
2351 1874 941
2362 10 2492
1449 2350 1837
450 782 1962
2402 105 1538
2373 656 1635
2314 1473 282
2153 484 140
2410 2066 2534
862 2220 2282
2199 1895 1985
2469 1131 2199
2286 2243 2312
1785 1852 2414
1625 2114 982
2327 1056 2488
2214 2083 188
1837 302 1572
1347 2183 2297
2459 1916 2511
2339 2368 235
2300 1409 686
160 2370 463
1273 2254 508
2229 1375 1100
1995 698 2179
1680 903 2381
210 2013 1469
2445 1756 2008
544 740 1781
2423 2372 2327
2471 1564 2499
1811 439 2483
2104 1621 1139
2429 155 730
2450 2355 1913
1035 1829 553
1311 254 2251
