25945
455 1729 5503
505 1727 5454
554 1724 5406
602 1720 5359
649 1715 5313
695 1709 5268
740 1702 5224
784 1694 5181
827 1685 5139
869 1675 5098
910 1664 5058
950 1652 5019
989 1639 4981
1027 1625 4944
1064 1610 4908
1100 1594 4873
1135 1577 4839
1169 1559 4806
1202 1540 4774
1234 1520 4743
1265 1499 4713
1295 1477 4684
1324 1454 4656
1352 1430 4629
1379 1405 4603
1405 1379 4578
1430 1352 4554
1454 1324 4531
1477 1295 4509
1499 1265 4488
1520 1234 4468
1540 1202 4449
1559 1169 4431
1577 1135 4414
1594 1100 4398
1610 1064 4383
1625 1027 4369
1639 989 4356
1652 950 4344
1664 910 4333
1675 869 4323
1685 827 4314
1694 784 4306
1702 740 4299
1709 695 4293
1715 649 4288
1720 602 4284
1724 554 4281
1727 505 4279
1729 455 4278
1730 2906 4276
1732 2857 4273
1735 2810 4269
1739 2764 4264
1744 2719 4258
1750 2675 4251
1757 2632 4243
1765 2590 4234
1774 2549 4224
1784 2509 4213
1795 2470 4201
1807 2432 4188
1820 2395 4174
1834 2359 4159
1849 2324 4143
1865 2290 4126
1882 2257 4108
1900 2225 4089
1919 2194 4069
1939 2164 4048
1960 2135 4026
1982 2107 4003
2005 2080 3979
2029 2054 3954
2054 2029 3928
2080 2005 3901
2107 1982 3873
2135 1960 3844
2164 1939 3814
2194 1919 3783
2225 1900 3751
2257 1882 3718
2290 1865 3684
2324 1849 3649
2359 1834 3613
2395 1820 3576
2432 1807 3538
2470 1795 3499
2509 1784 3459
2549 1774 3418
2590 1765 3376
2632 1757 3333
2675 1750 3289
2719 1744 3244
2764 1739 3198
2810 1735 3151
2857 1732 3103
2905 1730 3054
2954 2905 3004
3004 4278 2954
3054 4276 2905
3103 4273 2857
3151 4269 2810
3198 4264 2764
3244 4258 2719
3289 4251 2675
3333 4243 2632
3376 4234 2590
3418 4224 2549
3459 4213 2509
3499 4201 2470
3538 4188 2432
3576 4174 2395
3613 4159 2359
3649 4143 2324
3684 4126 2290
3718 4108 2257
3751 4089 2225
3783 4069 2194
3814 4048 2164
3844 4026 2135
3873 4003 2107
3901 3979 2080
3928 3954 2054
3954 3928 2029
3979 3901 2005
4003 3873 1982
4026 3844 1960
4048 3814 1939
4069 3783 1919
4089 3751 1900
4108 3718 1882
4126 3684 1865
4143 3649 1849
4159 3613 1834
4174 3576 1820
4188 3538 1807
4201 3499 1795
4213 3459 1784
4224 3418 1774
4234 3376 1765
4243 3333 1757
4251 3289 1750
4258 3244 1744
4264 3198 1739
4269 3151 1735
4273 3103 1732
4276 3054 1730
4278 3004 1729
4279 5455 1727
4281 5406 1724
4284 5359 1720
4288 5313 1715
4293 5268 1709
4299 5224 1702
4306 5181 1694
4314 5139 1685
4323 5098 1675
4333 5058 1664
4344 5019 1652
4356 4981 1639
4369 4944 1625
4383 4908 1610
4398 4873 1594
4414 4839 1577
4431 4806 1559
4449 4774 1540
4468 4743 1520
4488 4713 1499
4509 4684 1477
4531 4656 1454
4554 4629 1430
4578 4603 1405
4603 4578 1379
4629 4554 1352
4656 4531 1324
4684 4509 1295
4713 4488 1265
4743 4468 1234
4774 4449 1202
4806 4431 1169
4839 4414 1135
4873 4398 1100
4908 4383 1064
4944 4369 1027
4981 4356 989
5019 4344 950
5058 4333 910
5098 4323 869
5139 4314 827
5181 4306 784
5224 4299 740
5268 4293 695
5313 4288 649
5359 4284 602
5406 4281 554
5454 4279 505
5503 5454 455
5553 6827 10601
5603 6825 10552
5652 6822 10504
5700 6818 10457
5747 6813 10411
5793 6807 10366
5838 6800 10322
5882 6792 10279
5925 6783 10237
5967 6773 10196
6008 6762 10156
6048 6750 10117
6087 6737 10079
6125 6723 10042
6162 6708 10006
6198 6692 9971
6233 6675 9937
6267 6657 9904
6300 6638 9872
6332 6618 9841
6363 6597 9811
6393 6575 9782
6422 6552 9754
6450 6528 9727
6477 6503 9701
6503 6477 9676
6528 6450 9652
6552 6422 9629
6575 6393 9607
6597 6363 9586
6618 6332 9566
6638 6300 9547
6657 6267 9529
6675 6233 9512
6692 6198 9496
6708 6162 9481
6723 6125 9467
6737 6087 9454
6750 6048 9442
6762 6008 9431
6773 5967 9421
6783 5925 9412
6792 5882 9404
6800 5838 9397
6807 5793 9391
6813 5747 9386
6818 5700 9382
6822 5652 9379
6825 5603 9377
6827 5553 9376
6828 8004 9374
6830 7955 9371
6833 7908 9367
6837 7862 9362
6842 7817 9356
6848 7773 9349
6855 7730 9341
6863 7688 9332
6872 7647 9322
6882 7607 9311
6893 7568 9299
6905 7530 9286
6918 7493 9272
6932 7457 9257
6947 7422 9241
6963 7388 9224
6980 7355 9206
6998 7323 9187
7017 7292 9167
7037 7262 9146
7058 7233 9124
7080 7205 9101
7103 7178 9077
7127 7152 9052
7152 7127 9026
7178 7103 8999
7205 7080 8971
7233 7058 8942
7262 7037 8912
7292 7017 8881
7323 6998 8849
7355 6980 8816
7388 6963 8782
7422 6947 8747
7457 6932 8711
7493 6918 8674
7530 6905 8636
7568 6893 8597
7607 6882 8557
7647 6872 8516
7688 6863 8474
7730 6855 8431
7773 6848 8387
7817 6842 8342
7862 6837 8296
7908 6833 8249
7955 6830 8201
8003 6828 8152
8052 8003 8102
8102 9376 8052
8152 9374 8003
8201 9371 7955
8249 9367 7908
8296 9362 7862
8342 9356 7817
8387 9349 7773
8431 9341 7730
8474 9332 7688
8516 9322 7647
8557 9311 7607
8597 9299 7568
8636 9286 7530
8674 9272 7493
8711 9257 7457
8747 9241 7422
8782 9224 7388
8816 9206 7355
8849 9187 7323
8881 9167 7292
8912 9146 7262
8942 9124 7233
8971 9101 7205
8999 9077 7178
9026 9052 7152
9052 9026 7127
9077 8999 7103
9101 8971 7080
9124 8942 7058
9146 8912 7037
9167 8881 7017
9187 8849 6998
9206 8816 6980
9224 8782 6963
9241 8747 6947
9257 8711 6932
9272 8674 6918
9286 8636 6905
9299 8597 6893
9311 8557 6882
9322 8516 6872
9332 8474 6863
9341 8431 6855
9349 8387 6848
9356 8342 6842
9362 8296 6837
9367 8249 6833
9371 8201 6830
9374 8152 6828
9376 8102 6827
9377 10553 6825
9379 10504 6822
9382 10457 6818
9386 10411 6813
9391 10366 6807
9397 10322 6800
9404 10279 6792
9412 10237 6783
9421 10196 6773
9431 10156 6762
9442 10117 6750
9454 10079 6737
9467 10042 6723
9481 10006 6708
9496 9971 6692
9512 9937 6675
9529 9904 6657
9547 9872 6638
9566 9841 6618
9586 9811 6597
9607 9782 6575
9629 9754 6552
9652 9727 6528
9676 9701 6503
9701 9676 6477
9727 9652 6450
9754 9629 6422
9782 9607 6393
9811 9586 6363
9841 9566 6332
9872 9547 6300
9904 9529 6267
9937 9512 6233
9971 9496 6198
10006 9481 6162
10042 9467 6125
10079 9454 6087
10117 9442 6048
10156 9431 6008
10196 9421 5967
10237 9412 5925
10279 9404 5882
10322 9397 5838
10366 9391 5793
10411 9386 5747
10457 9382 5700
10504 9379 5652
10552 9377 5603
10601 10552 5553
10651 11925 15699
10701 11923 15650
10750 11920 15602
10798 11916 15555
10845 11911 15509
10891 11905 15464
10936 11898 15420
10980 11890 15377
11023 11881 15335
11065 11871 15294
11106 11860 15254
11146 11848 15215
11185 11835 15177
11223 11821 15140
11260 11806 15104
11296 11790 15069
11331 11773 15035
11365 11755 15002
11398 11736 14970
11430 11716 14939
11461 11695 14909
11491 11673 14880
11520 11650 14852
11548 11626 14825
11575 11601 14799
11601 11575 14774
11626 11548 14750
11650 11520 14727
11673 11491 14705
11695 11461 14684
11716 11430 14664
11736 11398 14645
11755 11365 14627
11773 11331 14610
11790 11296 14594
11806 11260 14579
11821 11223 14565
11835 11185 14552
11848 11146 14540
11860 11106 14529
11871 11065 14519
11881 11023 14510
11890 10980 14502
11898 10936 14495
11905 10891 14489
11911 10845 14484
11916 10798 14480
11920 10750 14477
11923 10701 14475
11925 10651 14474
11926 13102 14472
11928 13053 14469
11931 13006 14465
11935 12960 14460
11940 12915 14454
11946 12871 14447
11953 12828 14439
11961 12786 14430
11970 12745 14420
11980 12705 14409
11991 12666 14397
12003 12628 14384
12016 12591 14370
12030 12555 14355
12045 12520 14339
12061 12486 14322
12078 12453 14304
12096 12421 14285
12115 12390 14265
12135 12360 14244
12156 12331 14222
12178 12303 14199
12201 12276 14175
12225 12250 14150
12250 12225 14124
12276 12201 14097
12303 12178 14069
12331 12156 14040
12360 12135 14010
12390 12115 13979
12421 12096 13947
12453 12078 13914
12486 12061 13880
12520 12045 13845
12555 12030 13809
12591 12016 13772
12628 12003 13734
12666 11991 13695
12705 11980 13655
12745 11970 13614
12786 11961 13572
12828 11953 13529
12871 11946 13485
12915 11940 13440
12960 11935 13394
13006 11931 13347
13053 11928 13299
13101 11926 13250
13150 13101 13200
13200 14474 13150
13250 14472 13101
13299 14469 13053
13347 14465 13006
13394 14460 12960
13440 14454 12915
13485 14447 12871
13529 14439 12828
13572 14430 12786
13614 14420 12745
13655 14409 12705
13695 14397 12666
13734 14384 12628
13772 14370 12591
13809 14355 12555
13845 14339 12520
13880 14322 12486
13914 14304 12453
13947 14285 12421
13979 14265 12390
14010 14244 12360
14040 14222 12331
14069 14199 12303
14097 14175 12276
14124 14150 12250
14150 14124 12225
14175 14097 12201
14199 14069 12178
14222 14040 12156
14244 14010 12135
14265 13979 12115
14285 13947 12096
14304 13914 12078
14322 13880 12061
14339 13845 12045
14355 13809 12030
14370 13772 12016
14384 13734 12003
14397 13695 11991
14409 13655 11980
14420 13614 11970
14430 13572 11961
14439 13529 11953
14447 13485 11946
14454 13440 11940
14460 13394 11935
14465 13347 11931
14469 13299 11928
14472 13250 11926
14474 13200 11925
14475 15651 11923
14477 15602 11920
14480 15555 11916
14484 15509 11911
14489 15464 11905
14495 15420 11898
14502 15377 11890
14510 15335 11881
14519 15294 11871
14529 15254 11860
14540 15215 11848
14552 15177 11835
14565 15140 11821
14579 15104 11806
14594 15069 11790
14610 15035 11773
14627 15002 11755
14645 14970 11736
14664 14939 11716
14684 14909 11695
14705 14880 11673
14727 14852 11650
14750 14825 11626
14774 14799 11601
14799 14774 11575
14825 14750 11548
14852 14727 11520
14880 14705 11491
14909 14684 11461
14939 14664 11430
14970 14645 11398
15002 14627 11365
15035 14610 11331
15069 14594 11296
15104 14579 11260
15140 14565 11223
15177 14552 11185
15215 14540 11146
15254 14529 11106
15294 14519 11065
15335 14510 11023
15377 14502 10980
15420 14495 10936
15464 14489 10891
15509 14484 10845
15555 14480 10798
15602 14477 10750
15650 14475 10701
15699 15650 10651
15749 17023 20797
15799 17021 20748
15848 17018 20700
15896 17014 20653
15943 17009 20607
15989 17003 20562
16034 16996 20518
16078 16988 20475
16121 16979 20433
16163 16969 20392
16204 16958 20352
16244 16946 20313
16283 16933 20275
16321 16919 20238
16358 16904 20202
16394 16888 20167
16429 16871 20133
16463 16853 20100
16496 16834 20068
16528 16814 20037
16559 16793 20007
16589 16771 19978
16618 16748 19950
16646 16724 19923
16673 16699 19897
16699 16673 19872
16724 16646 19848
16748 16618 19825
16771 16589 19803
16793 16559 19782
16814 16528 19762
16834 16496 19743
16853 16463 19725
16871 16429 19708
16888 16394 19692
16904 16358 19677
16919 16321 19663
16933 16283 19650
16946 16244 19638
16958 16204 19627
16969 16163 19617
16979 16121 19608
16988 16078 19600
16996 16034 19593
17003 15989 19587
17009 15943 19582
17014 15896 19578
17018 15848 19575
17021 15799 19573
17023 15749 19572
17024 18200 19570
17026 18151 19567
17029 18104 19563
17033 18058 19558
17038 18013 19552
17044 17969 19545
17051 17926 19537
17059 17884 19528
17068 17843 19518
17078 17803 19507
17089 17764 19495
17101 17726 19482
17114 17689 19468
17128 17653 19453
17143 17618 19437
17159 17584 19420
17176 17551 19402
17194 17519 19383
17213 17488 19363
17233 17458 19342
17254 17429 19320
17276 17401 19297
17299 17374 19273
17323 17348 19248
17348 17323 19222
17374 17299 19195
17401 17276 19167
17429 17254 19138
17458 17233 19108
17488 17213 19077
17519 17194 19045
17551 17176 19012
17584 17159 18978
17618 17143 18943
17653 17128 18907
17689 17114 18870
17726 17101 18832
17764 17089 18793
17803 17078 18753
17843 17068 18712
17884 17059 18670
17926 17051 18627
17969 17044 18583
18013 17038 18538
18058 17033 18492
18104 17029 18445
18151 17026 18397
18199 17024 18348
18248 18199 18298
18298 19572 18248
18348 19570 18199
18397 19567 18151
18445 19563 18104
18492 19558 18058
18538 19552 18013
18583 19545 17969
18627 19537 17926
18670 19528 17884
18712 19518 17843
18753 19507 17803
18793 19495 17764
18832 19482 17726
18870 19468 17689
18907 19453 17653
18943 19437 17618
18978 19420 17584
19012 19402 17551
19045 19383 17519
19077 19363 17488
19108 19342 17458
19138 19320 17429
19167 19297 17401
19195 19273 17374
19222 19248 17348
19248 19222 17323
19273 19195 17299
19297 19167 17276
19320 19138 17254
19342 19108 17233
19363 19077 17213
19383 19045 17194
19402 19012 17176
19420 18978 17159
19437 18943 17143
19453 18907 17128
19468 18870 17114
19482 18832 17101
19495 18793 17089
19507 18753 17078
19518 18712 17068
19528 18670 17059
19537 18627 17051
19545 18583 17044
19552 18538 17038
19558 18492 17033
19563 18445 17029
19567 18397 17026
19570 18348 17024
19572 18298 17023
19573 20749 17021
19575 20700 17018
19578 20653 17014
19582 20607 17009
19587 20562 17003
19593 20518 16996
19600 20475 16988
19608 20433 16979
19617 20392 16969
19627 20352 16958
19638 20313 16946
19650 20275 16933
19663 20238 16919
19677 20202 16904
19692 20167 16888
19708 20133 16871
19725 20100 16853
19743 20068 16834
19762 20037 16814
19782 20007 16793
19803 19978 16771
19825 19950 16748
19848 19923 16724
19872 19897 16699
19897 19872 16673
19923 19848 16646
19950 19825 16618
19978 19803 16589
20007 19782 16559
20037 19762 16528
20068 19743 16496
20100 19725 16463
20133 19708 16429
20167 19692 16394
20202 19677 16358
20238 19663 16321
20275 19650 16283
20313 19638 16244
20352 19627 16204
20392 19617 16163
20433 19608 16121
20475 19600 16078
20518 19593 16034
20562 19587 15989
20607 19582 15943
20653 19578 15896
20700 19575 15848
20748 19573 15799
20797 20748 15749
20847 22121 25895
20897 22119 25846
20946 22116 25798
20994 22112 25751
21041 22107 25705
21087 22101 25660
21132 22094 25616
21176 22086 25573
21219 22077 25531
21261 22067 25490
21302 22056 25450
21342 22044 25411
21381 22031 25373
21419 22017 25336
21456 22002 25300
21492 21986 25265
21527 21969 25231
21561 21951 25198
21594 21932 25166
21626 21912 25135
21657 21891 25105
21687 21869 25076
21716 21846 25048
21744 21822 25021
21771 21797 24995
21797 21771 24970
21822 21744 24946
21846 21716 24923
21869 21687 24901
21891 21657 24880
21912 21626 24860
21932 21594 24841
21951 21561 24823
21969 21527 24806
21986 21492 24790
22002 21456 24775
22017 21419 24761
22031 21381 24748
22044 21342 24736
22056 21302 24725
22067 21261 24715
22077 21219 24706
22086 21176 24698
22094 21132 24691
22101 21087 24685
22107 21041 24680
22112 20994 24676
22116 20946 24673
22119 20897 24671
22121 20847 24670
22122 23298 24668
22124 23249 24665
22127 23202 24661
22131 23156 24656
22136 23111 24650
22142 23067 24643
22149 23024 24635
22157 22982 24626
22166 22941 24616
22176 22901 24605
22187 22862 24593
22199 22824 24580
22212 22787 24566
22226 22751 24551
22241 22716 24535
22257 22682 24518
22274 22649 24500
22292 22617 24481
22311 22586 24461
22331 22556 24440
22352 22527 24418
22374 22499 24395
22397 22472 24371
22421 22446 24346
22446 22421 24320
22472 22397 24293
22499 22374 24265
22527 22352 24236
22556 22331 24206
22586 22311 24175
22617 22292 24143
22649 22274 24110
22682 22257 24076
22716 22241 24041
22751 22226 24005
22787 22212 23968
22824 22199 23930
22862 22187 23891
22901 22176 23851
22941 22166 23810
22982 22157 23768
23024 22149 23725
23067 22142 23681
23111 22136 23636
23156 22131 23590
23202 22127 23543
23249 22124 23495
23297 22122 23446
23346 23297 23396
23396 24670 23346
23446 24668 23297
23495 24665 23249
23543 24661 23202
23590 24656 23156
23636 24650 23111
23681 24643 23067
23725 24635 23024
23768 24626 22982
23810 24616 22941
23851 24605 22901
23891 24593 22862
23930 24580 22824
23968 24566 22787
24005 24551 22751
24041 24535 22716
24076 24518 22682
24110 24500 22649
24143 24481 22617
24175 24461 22586
24206 24440 22556
24236 24418 22527
24265 24395 22499
24293 24371 22472
24320 24346 22446
24346 24320 22421
24371 24293 22397
24395 24265 22374
24418 24236 22352
24440 24206 22331
24461 24175 22311
24481 24143 22292
24500 24110 22274
24518 24076 22257
24535 24041 22241
24551 24005 22226
24566 23968 22212
24580 23930 22199
24593 23891 22187
24605 23851 22176
24616 23810 22166
24626 23768 22157
24635 23725 22149
24643 23681 22142
24650 23636 22136
24656 23590 22131
24661 23543 22127
24665 23495 22124
24668 23446 22122
24670 23396 22121
24671 25847 22119
24673 25798 22116
24676 25751 22112
24680 25705 22107
24685 25660 22101
24691 25616 22094
24698 25573 22086
24706 25531 22077
24715 25490 22067
24725 25450 22056
24736 25411 22044
24748 25373 22031
24761 25336 22017
24775 25300 22002
24790 25265 21986
24806 25231 21969
24823 25198 21951
24841 25166 21932
24860 25135 21912
24880 25105 21891
24901 25076 21869
24923 25048 21846
24946 25021 21822
24970 24995 21797
24995 24970 21771
25021 24946 21744
25048 24923 21716
25076 24901 21687
25105 24880 21657
25135 24860 21626
25166 24841 21594
25198 24823 21561
25231 24806 21527
25265 24790 21492
25300 24775 21456
25336 24761 21419
25373 24748 21381
25411 24736 21342
25450 24725 21302
25490 24715 21261
25531 24706 21219
25573 24698 21176
25616 24691 21132
25660 24685 21087
25705 24680 21041
25751 24676 20994
25798 24673 20946
25846 24671 20897
25895 25846 20847
0 133 83
50 0 133
99 2 182
147 5 230
194 9 277
240 14 323
285 20 368
329 28 412
372 42 0
414 83 42
