25361
14859 4554 13833
14459 19156 23567
14209 10762 185
12356 13256 18930
7419 6184 23119
12634 13448 5984
9649 16889 22866
2186 21310 17194
12263 10009 6671
16143 20052 1213
16591 9381 15894
3430 20529 14415
21276 20357 3921
9107 3043 16138
23073 19532 16677
7712 3156 15235
18152 11843 3415
9790 16533 7409
3561 19717 7120
12008 23623 25144
14062 5134 22670
18159 7778 13346
7037 8834 21957
5615 8121 14552
6675 1508 586
3615 18163 24494
18699 2341 6560
22541 21364 23503
803 23693 7231
5683 18018 23192
18244 24267 13569
15683 23911 2759
2789 23780 10975
17160 1299 22719
12669 13618 5040
8256 14243 3349
17230 10472 10519
17115 5747 8144
950 13745 18899
21268 15653 13617
24176 17566 1130
3861 23215 7556
17213 549 13447
15200 12181 15855
10247 653 947
7500 19152 3570
5014 4929 21438
24917 11271 10441
3300 1776 8864
8329 7820 10729
5695 255 15352
11653 8326 12374
5591 18838 8748
14384 22347 23730
12980 17584 13840
7214 18175 2527
19691 16193 663
9847 24633 14173
18712 5435 23311
17940 8275 6367
11328 17318 6257
327 23365 12465
10820 11172 16180
20930 3982 3299
24271 4409 10492
13318 2798 2637
22909 6290 6279
11812 22206 6803
9801 16912 2215
5987 16604 18450
7318 7755 15688
13935 6639 12534
23932 22486 12923
9027 22471 10528
20586 13213 24516
14609 7989 7774
9057 12264 1757
13493 23857 24691
23834 15214 25096
12322 11563 15896
15430 7125 11089
8694 1217 21075
10115 22029 6916
20878 18707 591
22006 110 20398
1439 423 14563
4475 16284 7793
21251 7690 21490
17789 2741 2092
10516 89 19319
6989 9616 10831
17252 578 17670
14769 6029 5218
704 5517 11586
8439 17181 16345
5167 20867 14419
24827 12809 6737
15160 23563 22462
20175 1821 17852
10479 9472 14370
5222 1571 13589
14520 17576 4746
1089 3675 3817
22344 14987 5973
21653 16034 1788
2136 2466 18603
17693 18801 16203
7606 5208 15581
15564 19466 18978
22055 2501 9486
4608 11094 5360
16334 16831 20807
21133 13873 5713
1885 16768 20104
22126 22171 4416
14673 16313 20227
5644 21686 20749
23290 5611 3894
11086 11019 23578
1673 7481 7309
24284 7173 17345
4127 4186 17394
9118 19870 6178
3114 20645 21181
24224 3362 1176
4528 11697 10694
5271 19664 12053
1505 22788 5167
3744 24502 12617
6737 17561 807
20061 16448 20595
2695 5546 8461
8313 23744 9273
718 8290 13870
8305 23964 14781
12076 2195 9722
20046 10838 6351
20766 8346 11922
21609 212 25055
1898 939 453
8842 6340 11651
20854 20423 17177
9201 19284 960
19104 7539 2263
18741 24173 5840
19904 10015 23788
2981 3466 11593
21503 23148 20136
2489 23069 4846
12798 14993 2787
20251 13497 3053
23155 18276 8553
8380 7852 5056
19793 14065 24954
11730 18554 23075
13512 23973 219
23650 14822 3771
7088 15436 13197
19745 6776 10249
13277 13960 1968
7407 21881 7282
13592 15354 5793
22295 10395 4393
6045 7050 12556
16758 15245 1376
14854 23832 17624
2048 7737 2631
15948 21125 16486
12577 14780 12932
2006 19303 12952
4799 17371 4892
8009 23435 16040
20219 14495 410
24464 2869 5980
17637 3396 6874
11401 7157 126
12394 11765 10193
24245 22804 20692
6489 1744 10954
6925 23672 23545
11005 24783 18554
16849 24128 21376
21552 21086 13892
2543 9029 6499
13980 24839 2955
24578 24987 12339
16347 15655 7501
22459 21977 14894
9246 2521 10166
14971 19042 16757
5090 15358 3959
16629 18314 6097
8259 6582 7388
12441 17686 12838
1844 9370 15817
19718 10710 2887
22636 6829 4611
3783 12307 269
22767 2055 6081
14138 20483 392
5753 22390 22359
14908 12528 23790
8810 12113 21960
19843 13716 21746
8576 8395 24078
8398 11555 21919
15983 9793 22911
2352 21377 10005
13406 14516 18055
20667 13703 21214
1266 16325 7367
15704 6785 18326
1184 21558 5671
15605 22001 19372
1895 8526 9372
4693 15096 7982
22675 11366 22431
19492 2860 10978
24557 12117 24823
14421 20422 12133
20722 8871 5292
16196 5832 16589
10048 15843 1044
15634 16234 19123
9402 18044 22560
21532 14433 12343
22387 1170 20737
18614 8227 13174
19666 15770 12518
1401 9837 17755
13083 6488 24624
966 22750 13018
25294 14165 11574
2590 5239 23420
12874 8797 577
18143 6844 16079
4742 10973 6965
11518 14047 7262
11769 15868 23204
5888 13535 8616
12020 21839 9451
14782 14226 2419
9315 16725 17699
7681 23673 18129
18309 19104 19234
8802 7395 1616
23595 18757 19477
7629 13337 8932
18559 23803 21662
1380 17127 21851
2471 9305 13855
10165 6868 74
21411 15020 12416
3858 8086 5255
23676 12919 23630
7687 5863 6990
23844 17806 13989
18468 3616 12680
16382 10610 22166
19522 22438 1334
584 9878 16163
12558 17436 900
23646 11308 6698
1585 9715 9444
22445 13376 13444
18922 2608 21194
22728 15602 19729
10 20386 24873
5087 24562 1468
536 13662 21405
18293 10442 24364
10928 21680 954
2162 16920 773
15493 14211 6764
2976 13620 3136
2916 15535 11491
8225 21751 19134
1545 18626 680
2277 5099 9326
16684 17533 4293
6134 976 9267
18586 3718 2381
14721 20602 16901
4916 22199 16706
11822 136 9189
1219 15948 22662
116 1815 3754
3998 609 5454
4326 17483 21721
23553 21418 16574
3955 20139 18279
15230 24654 9185
7031 22017 11159
11520 18493 8024
12189 14849 1237
19550 2838 24199
1224 5502 9772
16069 15100 6129
24128 18437 20911
5317 22565 3716
12921 23158 7064
21849 6732 9582
20965 23483 22809
587 2150 11657
23814 10276 10115
11052 11067 17540
13316 965 13659
2086 14423 17942
15185 14323 19924
2356 11140 23948
10026 792 5787
21487 4639 12970
14558 14918 17252
1811 9710 7681
19258 15457 11242
8403 17721 73
20813 3290 15414
10762 5629 9942
8914 17047 15997
12228 5300 2622
12149 280 8019
22061 1082 10787
14341 20332 12109
16247 13419 16118
14158 15336 21010
2229 5893 10304
9157 5015 8213
16816 20563 18763
14239 18357 77
22442 18085 3678
7690 14410 10020
5116 3657 13534
6747 1557 25124
5679 982 20532
5844 22701 24314
17444 4083 16519
13443 15828 23847
10338 4241 10086
22679 24716 19941
6253 8504 15543
13900 12026 13086
22495 2753 15379
12843 12426 25281
18956 25013 2140
371 317 24379
14328 16655 18649
25137 13373 2026
5724 16108 14745
14873 11262 12322
10666 4060 11618
13348 7433 23248
512 2700 23989
24734 431 6377
12912 1807 16016
13930 9749 20380
18790 20047 6253
21081 4044 6392
11166 19990 13768
4188 830 10866
8542 6405 1253
1418 14695 11984
23477 21214 24482
11374 5691 21468
5107 4600 18668
1046 164 17000
19598 7973 995
21218 11916 4062
24391 10978 12652
22946 11670 5186
193 8281 17990
6092 6680 2037
7882 9097 16619
14427 2231 15293
19468 14376 6070
7654 2892 5031
24679 9969 24782
15336 2109 4910
5937 12938 20509
18649 10948 18092
8956 21727 18072
16464 7817 10794
11067 13197 19846
164 22850 18697
828 19238 1437
5748 4717 2173
25006 12278 9689
15913 3174 20646
1341 18764 22841
14831 11188 23557
18383 14990 13260
17713 11111 18656
21580 12619 10054
22091 8392 1549
11297 24939 11465
5489 7328 5538
15867 12852 7057
14694 324 4796
18868 10112 24752
14250 23591 14267
21961 5211 7663
11969 8999 21284
1787 3000 158
24101 391 12169
24702 8470 15034
13404 2558 22909
12585 22959 17106
1133 20830 14135
899 22269 21060
18833 750 6043
18899 290 20302
6551 10243 16852
22212 5607 24484
20786 23608 22534
20069 17376 10700
25104 13690 18155
22411 24343 1531
13274 17663 15197
9940 11604 21242
7763 8424 2998
3909 10636 14564
17165 7259 18275
8489 18333 5750
184 17184 10130
122 3791 18222
4160 18432 22236
23525 2091 7356
1313 5757 23018
10550 14468 4481
230 17306 13694
7229 24910 12944
19970 17203 2341
4488 3922 4449
10400 24379 8575
4431 14555 12020
2972 17539 19390
17959 7998 9590
13681 5206 14510
418 17811 7329
15319 14115 1301
12578 3851 13479
15112 21040 8177
8750 20361 9414
13186 13527 17143
5298 3241 1575
13380 22117 19491
6364 3926 23215
12993 19392 10753
6750 1962 15936
20293 22012 359
8171 22002 15976
22423 16609 8883
22613 2391 3011
11581 11514 23907
11810 13828 24923
20903 5678 7833
22978 15050 7944
22598 3401 13905
21285 13556 22077
15405 22762 16800
21792 22395 24126
17763 4006 16935
6938 6458 14306
23210 9659 14866
23959 23323 8301
10890 11513 8412
16290 13125 13203
19264 13287 18244
2974 18228 15440
11895 26 4111
10916 7527 21806
6876 9323 7960
6693 6135 23837
1789 11984 14640
925 5183 3290
20118 8721 19885
3427 9776 135
10490 7293 6424
16793 7638 6453
2667 18510 16302
19346 22913 13628
8716 2216 14964
12702 21625 15475
22383 6551 22205
11214 11448 9329
11592 4365 15794
9338 12800 10905
8024 22274 19650
6163 24819 17422
15462 17140 25302
6582 10154 17510
11474 10971 8683
917 6916 12730
16402 4866 11845
21687 678 6009
19537 21146 24655
20189 24797 2295
14795 2668 7853
9744 3608 23459
22070 16704 23349
21448 17563 9082
4035 15837 24270
16924 16430 304
19224 24728 19560
22558 7023 24445
18807 3219 13484
10003 7312 4642
12752 16830 723
23681 12227 10578
12197 20745 11893
10205 23545 16697
3953 11716 14830
14164 5819 30
627 3009 8976
24004 24098 14736
7117 21600 15
16436 13018 9041
25244 873 24241
2762 4828 6211
14855 12974 5648
14416 2635 5326
7564 23775 18040
8055 5693 12015
16902 18970 10883
7126 3113 18576
7326 15332 12910
758 18947 5992
6211 4005 12738
9258 8038 10933
9601 24430 3024
7850 12354 10757
2768 9709 18372
6072 12985 12294
15222 23741 22471
23026 15173 19600
13043 9930 11397
17588 14582 10102
16098 355 12221
20017 9359 21917
11128 8157 13397
7807 24325 9849
15074 22687 1205
10627 24076 9607
13240 22952 4539
15992 23900 25245
10019 18428 736
11321 18144 4561
13317 20909 13138
4077 6086 25325
16987 14044 13405
18568 24624 22108
14695 14345 5501
9731 4698 19991
2790 1637 5504
2729 10757 22680
1177 17422 24025
3476 11313 12041
4577 18661 8526
2874 8510 2412
7234 9392 1710
2803 20042 8068
20428 23258 16922
1707 4821 6630
3896 23522 24160
24008 24602 22325
7756 6902 24949
5552 6984 4664
7423 9495 9540
17608 22255 11703
1025 3452 20565
14812 11798 13692
8735 8600 5886
23613 17760 8792
4780 9018 11908
18074 16967 8348
10617 5952 22254
4387 1094 16827
3296 458 19432
20456 10721 3657
14587 19636 22140
24413 15486 14943
18023 2855 20265
3318 24696 8116
20544 13596 9672
10318 10567 13789
9422 24540 1527
13692 1376 10628
22785 10045 7928
25183 12535 21643
18822 10198 14112
3828 1746 16766
18048 21468 5211
9561 16999 21791
4359 22032 5406
486 12138 15185
6980 16810 6511
21258 7890 13522
8011 5428 1805
23584 184 13713
21077 11920 22388
11724 8178 22163
18509 16566 19046
18206 8829 18736
13177 24040 2319
14172 18246 17351
10356 2386 23814
24302 24170 21330
7066 3643 15252
3026 7537 7655
24660 23173 1824
3525 15207 25050
9698 19756 23668
20378 7940 6634
24572 14874 3260
14471 23231 7616
14712 23883 16380
14267 23174 1092
5165 20783 16319
24358 12794 12599
20360 9648 16648
1142 4301 19758
13232 23087 23284
2942 12451 14999
15392 10909 22724
18044 10551 12867
25317 23115 13119
11859 12665 19190
10433 11417 4984
3123 8561 7727
19896 4516 18792
21810 10347 22225
8441 3298 19011
8394 12561 6580
654 9235 15323
16937 19413 9506
23734 12704 17478
7170 18000 23071
19301 13789 14062
16543 4645 880
19636 21273 1596
9748 5681 10203
23446 10089 2166
11402 13049 4495
23782 7924 9941
11758 20217 11016
14886 18882 9624
17762 8588 1996
11254 7081 20960
4825 15608 8318
13747 7211 15738
2917 18586 3230
19430 19825 11343
5421 14199 24521
9301 17228 4273
20321 8417 17732
11144 8490 3392
13212 518 3181
15788 3326 20980
15381 4740 2794
3389 9278 5628
2389 7631 11826
18336 5365 17306
24113 19423 15651
3209 17843 3103
19188 4153 14063
50 10935 3102
12341 8677 21291
6113 24158 24058
2658 9981 13014
14083 19347 5867
18007 17636 15771
16658 2755 17064
24896 10502 23355
8288 5380 4583
4771 17890 8379
18153 3785 10226
8133 2009 6366
3241 20851 17586
2318 9600 25289
21040 20344 14452
19014 23129 2686
23529 8255 14236
1463 24929 24597
13511 1476 21586
22427 4886 7459
5390 12715 9385
373 21805 836
4943 24332 10655
14784 5767 18403
23316 12732 18618
6630 22714 21002
1815 5205 16372
20134 23054 23352
12058 12504 15503
3687 3064 17217
7674 6695 10756
14936 21913 6151
11722 24424 20621
247 11200 2843
8349 4812 6521
16717 15990 17771
13632 18824 11533
19968 2374 14296
1711 8489 22761
21174 1129 11264
6194 10685 20469
17605 7640 321
12120 23135 7188
15273 8518 3791
16534 682 22492
13845 18489 12138
3748 19561 19523
20076 19784 2928
18263 9202 17112
24712 20094 19359
18209 17607 16711
20497 2630 15159
4660 71 15012
18432 10304 4891
9990 11237 14380
161 21419 22943
23105 15898 19673
8102 20956 14451
24539 5284 5567
16096 16770 22001
21852 14625 23674
11620 1707 11128
16038 9163 15553
2987 23408 2046
19873 470 15602
4867 911 23378
979 20994 18516
21802 5249 2601
1945 18024 18475
7358 3552 15271
22171 21515 14742
9518 1009 9084
19930 16847 11311
4756 22633 6327
4645 12892 22969
15626 15414 11352
16175 12107 14209
23783 2177 23309
12518 13028 19595
10988 23004 1087
17654 5926 17695
10292 24278 6907
7268 13350 4041
14531 1267 20881
4122 12499 10415
19056 15321 25074
14017 23045 7417
1179 7960 4226
1987 24407 11396
15028 17095 24116
24157 2037 13518
4238 11677 11753
5160 3734 9962
5787 7687 17906
7937 24125 21378
9388 3900 24040
9240 8922 24402
11429 12456 3990
12963 6064 25206
23409 20459 23470
23839 10199 5116
9470 870 13041
1856 21678 11469
8509 12779 19786
10515 4171 16334
6834 24738 23299
9253 9889 4655
551 6420 20909
20577 4328 13295
12282 21243 11442
1501 19383 18046
11861 9048 23498
11655 20006 5602
15935 19505 4209
17029 12719 7030
10535 18997 16967
21919 16471 16391
13722 2432 493
3650 16124 20202
23260 20252 9989
24871 8944 21091
13786 22576 17609
10720 5477 7664
22357 16276 11060
10073 4997 9675
3168 23932 23770
11530 15693 19087
21334 9397 1350
22681 21328 8835
17767 6089 18852
21882 22619 630
22890 2964 13311
25042 16036 8937
8239 14947 6169
19886 19616 16436
23942 10711 10055
8423 21761 1541
3108 4129 20764
14072 22745 9892
5043 1996 11791
8759 4511 21410
1851 2930 4036
21282 19199 11835
17298 7350 7079
16871 13902 11504
3072 24641 11183
461 11625 8675
7071 22071 3614
12218 6225 17434
10948 6941 9179
7486 15559 23170
9644 6772 24170
7904 1871 19761
6338 3443 11008
12701 12588 9239
8203 11951 9092
6800 3504 19279
15283 6628 17273
4685 24023 9654
23021 15289 19996
23884 8718 5103
8876 16156 21891
9894 4771 1928
5825 14664 11201
25214 6207 13378
24349 24866 7003
11932 15397 21449
24274 2995 3289
2612 11463 3767
23694 15791 9908
11411 24472 10197
11645 13999 10289
88 17959 16551
871 15728 6290
8467 13064 5771
16504 18900 20343
6299 10374 22627
21130 5061 14319
6407 9445 22049
9346 5231 8493
12343 7147 7344
9379 15145 1662
10751 6712 20178
16318 23812 4146
19143 3498 2583
24422 23954 15842
15803 10873 3404
23758 20298 19039
7324 14687 18204
14997 19958 14349
22872 21952 2252
21488 4648 6818
17538 9158 22122
17502 18451 20442
20618 2273 21602
8980 3038 12258
13473 23969 1189
1308 5711 24179
20331 8968 23135
13835 1915 1849
18545 16987 21441
8972 2006 13726
7172 8902 9725
21744 717 17134
9211 16440 24812
7444 3928 8209
15190 18630 17016
20703 1603 7527
1734 3834 4698
74 16064 3143
24777 18371 3544
6439 297 15369
17386 5335 5152
1506 2018 2312
23160 12376 10381
20975 18213 10353
7982 20686 11891
13130 23853 15325
21723 20414 20069
14919 3576 23387
21427 16378 2713
15067 2803 12154
14111 6081 19699
10038 5799 7559
19972 18682 18622
20961 12201 25094
21016 21664 9290
19319 22643 15208
4740 12571 9802
653 11723 23704
4182 9540 20833
24054 22319 4013
14648 14303 20021
17832 24203 1705
1630 20482 4162
4284 1462 2442
17759 13904 8258
22020 2032 5636
18118 19934 541
12281 4453 15741
7521 3759 17813
13718 13150 22299
9391 15679 11430
5319 22528 2946
14278 19692 18825
8246 19055 9004
14352 4569 8731
5457 11034 19582
6040 17066 22593
17068 17365 21122
14165 16874 21140
11555 8770 14689
8607 6382 23604
17583 51 1121
15747 7581 23895
22246 941 22146
5177 8647 1507
3830 13793 3494
2826 1124 22608
2509 18061 6184
23365 20174 6251
3609 22886 24558
24139 1657 6866
15308 20293 2562
21921 14741 7123
3272 24659 8663
19874 19356 7895
8655 9910 21710
3796 18112 4377
24960 21172 9137
17072 1317 10168
5356 16846 10790
1776 19444 11973
18574 3934 542
7283 2243 22235
21648 23371 12469
3711 3291 15118
4709 623 10666
13562 1353 24727
2367 2255 14030
13893 13079 1769
2438 19893 16064
17910 11339 21566
6501 20711 17270
20468 6507 13212
15828 16787 25192
5502 18381 16252
19589 2295 7161
16241 11391 14220
24538 4252 16171
15524 5982 369
20655 17779 13946
25089 4979 6189
18816 12940 22456
11102 4198 12206
9117 23303 21198
24633 18881 5923
17878 16205 19948
15824 22838 21079
4968 1420 10602
12486 9129 13043
17476 24246 12086
24576 19586 19821
10595 17950 23057
3467 1039 19165
21345 13921 25004
10796 17051 20678
6008 11769 17863
24583 16328 12788
10711 9569 2798
22829 2829 1004
18231 4972 3464
23293 6784 15081
11681 3398 7596
12038 12058 22073
9821 12671 11936
17337 16521 3861
18971 19191 14467
3016 22475 186
10861 10808 4743
17433 7017 10458
4947 9360 1399
9666 20779 5287
3346 14192 19781
21379 15067 2484
10260 4482 21523
4545 14274 1619
15128 8800 8025
277 17256 1878
24501 17926 4957
6159 7691 4343
12727 11882 14604
19383 16415 18675
17738 5587 205
1 2 0
