25271
12650 23642 2154
9167 1235 11762
16540 9457 6565
10553 23655 22549
14218 24617 20700
17801 18520 61
13349 712 3058
9178 11849 14741
455 18421 16792
12002 15724 15530
16643 10296 4804
14027 3366 21850
15127 3279 14827
19149 4150 2046
20679 20631 13296
20286 10019 22141
17048 12203 19152
20151 5625 18460
1719 24806 11736
11011 2320 22381
21103 3004 16336
16849 17280 19080
9325 20953 21844
6404 4046 16318
13356 18503 10635
18363 20284 7131
770 2122 3441
1860 19531 8316
10759 13787 25179
10308 8644 4564
23496 305 11820
22523 23981 1219
13626 11627 20475
13411 1504 9831
19697 17767 6137
14180 13405 20380
13144 4824 700
12822 14036 24450
20605 12262 4545
15195 1401 12531
15868 23481 16471
13076 7231 5340
13478 5504 24923
819 12191 8170
14022 13259 24679
6726 12145 16035
17013 5962 9988
18319 11647 19088
18405 17354 14644
17420 14637 11426
7945 3570 17165
6026 25005 24739
19959 12812 15641
21974 8050 3725
8646 24007 20646
12609 2210 4062
16899 1251 14869
24286 3277 17587
6014 25029 18932
21153 18624 5447
20735 10212 23064
14185 11833 11182
10176 9896 14546
5915 7320 23059
13993 4304 20164
24304 13323 6118
20772 16473 23161
14915 22388 3215
24088 1348 20235
21643 23446 9762
914 17340 7157
5031 12966 12721
10775 18375 22872
20632 14676 6972
16030 20434 18043
10732 15108 17145
20418 7572 3201
18581 6313 16229
9093 1278 4508
21184 11803 16777
8601 1434 7967
2358 17810 12843
16564 15284 11961
12407 2446 2479
15028 16410 4851
18697 1134 3044
13769 6442 23400
14940 17517 6901
16433 3627 24350
589 11500 24055
23465 4746 11062
10902 446 6511
3928 13271 19195
10476 6932 9142
3595 9844 1534
1543 6756 10254
11912 24388 6724
7703 55 17276
2819 1553 10598
14267 13468 19038
15290 6886 16428
22544 14579 23455
7900 15670 23237
14046 345 9769
12148 17047 24600
7424 2629 15573
23248 10268 16386
12454 14760 14539
13534 18528 22851
18423 14426 15916
19054 6388 13358
1302 8224 15004
24277 5232 1008
4522 7536 19685
23500 21655 4382
10818 640 16657
9038 5856 11962
19825 6251 25046
12014 12978 1939
8733 16044 5290
7037 16606 3411
22716 13675 9251
8567 5799 22748
12548 5164 5718
3328 7562 18877
16456 20601 196
6908 7021 21696
12884 2243 22723
25145 1683 1125
19395 14300 20893
11955 25159 10867
10247 14568 8247
19073 5189 15732
11128 11487 6061
17639 10548 19739
12474 11624 23620
13028 21172 9162
5644 15825 16933
8018 12135 11214
855 21702 483
9821 6273 14070
4304 15455 22693
748 9413 23352
12132 4285 16182
14646 4470 4643
19595 7723 3942
17157 6438 20552
12333 4982 8005
3634 10456 19994
24471 22838 4008
20525 10104 14138
23921 25028 2641
20550 14814 6365
879 14471 6574
24166 18165 18194
5996 9061 2435
12475 8791 4754
24497 13124 3796
15533 20786 15431
9701 3727 12672
7844 10429 10817
1446 18606 2784
3567 16882 14563
20532 20819 6625
4424 18096 14381
6228 16327 7279
11080 15230 7715
19529 21567 57
18735 8454 14305
13840 13541 21889
12989 5463 17566
15317 16136 4359
10159 8699 2882
3926 7165 1245
4578 7437 8153
7206 11201 6215
3669 22718 1919
2429 16909 20478
21460 21538 5788
9573 23737 22190
14988 5347 15450
20472 959 24609
16863 3029 619
5580 17092 3452
1974 24624 8761
20875 2360 246
9427 5017 25180
19046 819 19712
7100 3318 8562
11405 23196 5249
8682 24142 18973
9950 15364 9358
6333 11770 23718
15566 14890 5221
19268 769 11732
4339 4902 12991
21536 20699 9895
2540 8792 20135
18492 20545 12647
19696 4952 24065
5470 92 21817
16822 18343 20548
17650 22374 18079
20049 1626 5990
24341 10892 4608
3240 15261 17419
22331 16589 23885
18871 14723 11306
22301 5089 2819
22239 12760 14038
1973 12157 23676
7802 22875 4503
24542 1188 7941
15841 4690 2814
15594 1653 2158
20660 21614 14088
19508 2895 23309
23102 23392 6180
12899 15636 5832
13394 12147 22366
6074 3245 3679
1024 21888 10204
18096 4668 18751
22261 2099 22001
4795 15524 4222
15948 11016 21220
20798 4959 1671
19643 13748 18607
2248 12448 5884
2664 18219 18571
3130 4793 12299
24588 12724 8339
21911 20717 9461
15220 408 5608
20132 9741 8473
12597 20414 17740
1370 15418 7778
175 11522 8441
9995 14156 9111
11610 17896 24247
16289 3765 24322
24556 15587 20284
12941 3445 6783
14310 6867 19905
2883 4542 17373
17816 2087 10395
3076 9187 23417
13185 21819 7593
12362 209 1804
20694 19014 19234
16312 519 2397
16986 6204 13220
2164 15485 8074
14739 18492 8071
14452 9351 23147
5691 17718 15973
8983 10564 20501
19341 22513 2701
15883 4219 8791
13249 22351 19431
20229 13494 20714
3116 21219 24250
10703 17466 14154
14699 19865 15027
5131 11549 11611
2513 24695 1889
6685 4605 23937
4388 1302 11651
6239 1454 20929
3165 20734 1179
23576 476 8054
23625 12278 14819
24083 22776 16093
18232 21085 6863
22310 3934 6613
3481 12181 5680
15960 21549 16275
24602 22092 13106
7930 16651 22861
18125 162 21914
25215 7356 10919
4939 21441 7815
13454 120 9874
9300 32 9651
18227 18687 21720
57 23896 7435
6453 19103 18184
13197 9591 17938
16004 11905 18833
22962 7120 17953
7623 22669 13201
469 3094 9797
9363 1596 13060
12976 20014 7088
6500 4497 19405
9446 6488 17696
6146 20328 16472
3178 16432 17717
6591 8563 10981
690 5635 12167
4123 18052 3548
15160 16365 1096
18899 6982 16595
14096 9779 1635
12237 24138 10115
5162 17780 5273
4888 9620 4447
12736 20378 11061
144 20865 20782
705 18769 10748
2869 4118 19949
23908 11635 11618
10054 6053 443
21942 3188 16160
13242 18881 5757
20057 4472 902
18466 18831 503
8427 11380 1150
12844 22653 20656
25095 14857 7225
1114 20193 12653
20118 7348 19703
21335 3550 19639
22824 727 2716
5192 15649 3032
4892 14995 10443
1418 11966 7449
2596 2183 15616
12368 6661 24611
98 20522 22325
5654 7426 23536
12136 10742 3583
13681 23552 608
10511 19294 13555
8526 14541 22023
4619 8922 7095
1113 1729 22006
9138 19464 20537
7682 1080 5377
9274 14716 11424
1698 4865 18032
11435 13905 16737
22548 22003 13275
10530 20465 20780
4049 22483 19784
1153 18435 2956
16579 15419 18665
21692 18028 2927
16108 13022 18524
28 12495 23578
9245 3388 21978
16224 15553 13619
664 16810 616
22605 8401 586
23554 19631 3104
11821 19745 4688
23052 22126 15046
25193 5195 18632
16721 9475 17334
18553 2037 8606
403 24835 21071
18618 7275 11140
20824 2706 12640
9318 23900 4054
21384 4237 15242
13801 7770 12789
9199 19338 24106
8175 21038 17670
8472 4561 24950
17352 5308 18825
8323 12329 21285
19733 20123 17972
15887 1490 12604
15752 17937 15274
9495 5061 14593
8285 24975 14916
23876 22841 18097
4870 2926 8741
11461 8049 24128
24201 14321 13801
4865 9742 15146
18905 8998 1693
16942 15662 5512
17115 1367 16106
3190 13053 12194
1741 1218 19900
10637 20238 12891
15357 19425 15709
12565 8924 8663
16223 7390 11388
21969 4234 23001
10866 16654 6261
25164 19070 8514
10281 24062 14788
17050 16373 24998
14406 17982 1767
18582 22036 19283
20366 3424 3908
8115 16277 20179
3819 15870 20944
5794 18058 8656
5315 24247 8873
1595 23027 4684
5325 16563 20608
14920 20438 15341
6252 21970 20854
833 21391 3500
10401 8416 20104
20011 13655 21771
4387 23103 19308
11131 2857 155
9617 14231 10095
21595 17416 17488
9401 11785 3315
24229 4120 1383
23761 660 21474
10660 17320 4947
22756 20683 14701
13397 10685 23826
15621 17965 17608
2012 6628 2523
21097 6083 25081
20422 10179 24370
19835 17522 4129
5380 23435 21398
5340 13906 16586
5631 17091 24535
8844 22252 12813
11410 1996 4262
10122 23663 22815
15394 9858 13194
14324 13316 21212
17183 7876 3341
16966 3824 11341
18036 17890 21632
24900 3780 19205
23787 15086 3238
5307 367 15845
4943 20338 5578
3023 24561 4802
23740 11334 377
19119 21425 11604
15273 344 6326
21586 6832 4734
3782 17674 18457
4627 7691 15030
24403 21931 12263
14606 19301 11893
173 14922 11015
2713 20498 24488
4530 16012 17759
4913 9973 739
8158 1090 12354
1253 5888 11621
545 1497 13603
22084 20589 18603
13061 22926 10017
24137 17856 25089
3619 20198 21721
3527 1161 7197
18518 6173 10544
19131 434 11470
24963 18936 17451
4174 15456 11547
14880 8366 3484
12525 18608 19337
15920 12930 5766
5757 17564 19295
21261 11155 24290
2289 13616 21191
12608 19856 9604
7322 3999 291
4671 15268 9753
13931 12406 24641
13305 5589 11458
9218 13209 8919
20715 4630 6828
23108 223 6698
7986 1765 1058
6585 7233 631
8948 2852 15106
280 7132 4566
9968 12010 16884
17405 13969 17521
9946 20663 20062
14356 13369 23894
24732 12380 14669
9713 2597 14003
16036 17509 22837
6751 9496 12948
5946 24901 8436
17938 1805 18234
13157 8118 13907
2725 21636 9504
19032 9534 20375
11661 331 15620
23440 11754 23852
25239 24630 9687
1648 19981 20986
10023 11404 11287
12791 9027 1290
5090 9111 7419
20982 23350 21029
19557 24154 23204
7177 19664 2385
12724 23314 10183
6661 9564 10800
5057 21859 4911
3709 16016 24828
7604 6196 5291
23702 20063 20324
24579 22401 21102
1537 7086 12797
757 6082 1803
5728 23140 11927
18640 22285 25091
1941 11014 24331
8335 17651 21529
15709 2906 392
1322 10146 18326
8193 23260 7210
13015 4085 5508
17087 505 19376
18175 7833 3753
3923 1936 25252
2100 19942 20440
7858 6876 6134
23207 24038 8083
11036 8278 946
23402 14765 14829
1496 18185 3634
18223 2521 23376
25163 15811 2082
9975 7212 4469
19233 6788 8737
22123 13837 5002
18357 7706 24497
19775 18368 21389
17975 18725 12060
16350 15191 24261
23992 13708 13818
22671 2165 23508
22259 5264 6407
2914 1888 19447
7391 23353 1849
6760 8743 13405
14509 22935 13414
13550 2834 15000
19539 13636 1335
23814 16014 5418
10598 21558 10150
19221 6591 680
18725 16817 5043
8775 1533 6547
11497 5748 7759
6032 24457 2326
21835 14402 1890
9771 2545 5903
11584 8126 18364
2742 8479 3028
18974 7039 620
20022 23613 1569
17241 21520 11351
1782 5816 23277
19023 20936 12563
23652 13049 21504
6246 19640 7859
22502 25120 10404
20073 17134 13711
6587 8835 14198
17753 16193 13790
6526 23250 7485
6824 714 13867
20442 6992 14351
16780 21790 24236
25060 21861 9290
3201 3237 5256
11556 2276 9542
25179 5553 19353
20223 15854 24715
9509 20745 12905
3182 21124 6475
23376 19705 15483
5623 1838 894
5549 9141 12204
17660 2955 2831
7075 13738 15059
4834 17363 2618
5507 2599 7460
17791 17406 1500
16683 16999 23675
6286 16844 17225
7752 9499 3154
13528 4002 22775
12743 11822 24206
554 926 10881
715 21750 7371
11327 16086 20205
21060 5432 14895
25184 9902 24412
21757 13284 16746
9193 24945 18282
11263 5868 8267
14161 7735 2328
17627 9492 5036
23332 18341 17354
19286 20827 24148
8238 12282 18562
14677 14019 17289
5151 21207 11497
12453 13888 21641
7238 22995 2925
22198 22506 4210
17889 11249 17845
24180 11949 20819
7011 8177 8386
5078 10158 16766
20567 8878 1883
18085 8971 22603
24793 23485 14492
15637 12853 10940
20108 10382 2764
8356 9231 17982
18260 4314 2110
1178 7745 13139
20610 21382 1486
321 19500 16132
4993 11059 4417
16746 24265 13546
18147 2752 9549
2201 10594 12463
6364 22562 15229
14565 20776 1872
10446 25006 16688
2039 3634 22212
24460 13919 2573
15319 5943 114
19438 24070 17554
6544 25100 1689
24928 4181 8189
11376 14125 15040
16598 22220 11004
13923 5133 12238
3663 1750 13250
21213 22804 2089
9428 17746 5834
16119 457 7241
3402 17093 783
20248 14998 21416
22023 23835 15195
8871 16733 851
3000 24493 13309
22898 5587 9079
10855 15145 17889
2631 12563 12549
3692 574 1999
6984 11827 11263
250 779 4327
24595 12662 3380
8990 23508 14927
14515 18481 6969
19112 3541 20573
7260 12958 23788
16386 10806 8231
2774 14329 19612
519 11879 9312
4751 23177 16141
4479 4784 21240
21399 15707 25001
24875 13063 6654
7799 3898 9014
3572 7483 24556
17715 6882 22305
10636 13568 14825
5291 12754 3616
22163 1041 22614
4226 10002 1969
14777 6319 10330
3421 16331 16285
1802 9972 11933
24629 4086 11967
781 4157 17658
19179 22468 19861
11059 1897 6920
17479 7864 16868
7090 7368 3270
12181 281 8105
17121 24299 13740
6528 12762 15378
15503 20628 24619
20308 3134 664
20494 16238 8826
2218 16982 3970
10893 7892 2357
11789 23047 20604
22767 12814 12214
14928 21043 14126
15837 2407 3079
3444 22590 11996
1518 16547 5904
13388 7803 20806
23292 15036 10355
13948 10933 13496
2500 16523 3502
22807 22888 11256
17870 21332 20404
4297 6121 21940
18173 17550 15850
6417 19244 6309
7580 23947 4899
2547 4393 12747
7385 6014 13162
19335 14502 6742
14541 20162 8762
18624 5732 15184
12286 22255 3340
23549 18894 9579
12339 18268 13956
2115 14167 415
24055 21320 19483
8208 5653 4986
5417 10344 12510
1820 2477 24235
7768 11662 7990
3284 1589 17000
24817 21486 16764
9066 9633 22369
8307 4509 14418
6926 22091 10496
6441 15774 16654
15795 862 17095
20922 3581 3750
15548 3480 5469
11513 19601 2603
19996 8259 1732
21724 23072 4488
14854 5204 16825
11022 10249 12147
4442 64 11099
18914 14292 4079
8720 9722 9209
21487 3332 13124
8921 15447 24288
6783 5681 16356
4721 13852 10333
4988 702 14772
1902 995 8987
17450 6427 15703
11172 6676 16700
1427 11281 19632
12446 11531 7277
18016 16262 10311
19481 14612 2262
17785 11277 3816
17310 9114 7563
16153 10379 7490
15597 25067 12441
20190 18291 17539
16429 14371 23458
24416 16689 9754
6564 23583 2195
5837 249 19546
6971 14255 19974
17504 8431 20785
18970 7597 21379
8062 15357 6431
18598 4586 19818
17383 18208 11543
10078 10680 24078
2139 13707 11798
4212 16784 3296
10592 1650 4174
14578 14801 5566
16193 12612 2663
3061 14189 15225
17257 4010 13266
3760 19134 25205
12040 6915 17189
7534 10985 15304
23300 14679 969
23095 12142 20622
3986 13685 18701
18059 6171 5179
11775 15621 7038
20377 14022 22061
13261 24646 197
13493 18647 9043
14500 901 21530
4927 16776 11847
7140 20111 22525
6138 14075 17825
22352 6291 5951
22588 15303 5193
9528 1409 18508
12723 13401 8973
22411 10495 16550
12596 3872 7324
9756 17607 22467
5222 23785 6968
19206 12702 7900
2479 19816 5654
3218 24411 18111
17206 4830 15587
24030 4268 13317
4091 11225 13221
8402 16945 20
18174 14948 17800
19927 11140 20058
10056 10851 11276
17674 11577 792
18664 12149 4976
21029 20317 2991
22396 4409 1612
22935 17627 21088
7290 23410 9561
16155 11294 6267
12151 10057 23203
1109 22310 19143
20869 21071 5480
11222 1037 10559
24323 18863 13026
23254 14491 21658
8820 19386 15769
890 17824 18989
17265 22234 18046
10948 23424 19522
18572 20888 22655
6870 3684 20764
22851 530 13809
1517 4362 18186
9875 18379 3855
1073 22956 3888
22326 8083 11528
23129 12422 16005
19279 21263 16053
2063 12089 10056
3958 15964 13665
2689 6306 23345
7488 11965 1170
25003 20779 23986
3606 21003 16969
10217 6558 7652
11618 22441 11573
20317 21364 0
12417 15889 6011
6612 13340 23205
23163 8326 24173
21286 14647 19094
828 1355 22099
20315 2717 22439
5883 5392 16477
11423 7642 5216
24366 10572 20367
2404 6953 17310
10360 6509 21157
25191 23700 23644
7366 15863 13753
7401 9253 21151
1622 21592 26
19879 5938 15927
21874 23362 15408
4000 16917 20232
4877 8518 5084
8171 21301 17574
14629 2591 10295
433 12042 14595
15463 23852 16641
11865 24734 22013
1635 5075 22406
23295 10530 13905
4276 10780 8956
12018 2791 16621
21440 4738 2835
21786 9303 24779
6625 12083 14287
21640 9683 16538
23957 22629 13454
22490 7817 11310
19916 13424 17206
19977 16027 22222
12566 3059 345
24841 22174 20828
13724 24516 13467
20650 7529 16486
10615 2656 1411
24415 24102 2307
19044 19903 17227
14138 10156 23972
14824 9379 1860
989 16147 12389
17530 24560 22936
6117 16241 21587
17781 3172 10461
15672 19219 6333
628 11103 337
3177 18972 18921
18667 19297 23102
24663 15166 9415
531 10693 16293
3882 25183 23023
20662 4448 811
17848 2478 8793
24885 12078 21335
7000 18097 22909
18226 3078 22981
16115 17259 22266
16491 24345 5706
14552 5921 24766
13125 21100 7628
21109 2101 5525
23756 24840 15900
20994 17217 24328
12673 22795 19879
25031 5077 12396
2963 17183 5837
11694 7605 22517
2321 13309 14237
7144 5774 21569
6851 23920 17773
15070 19808 20014
17300 18812 8687
11685 4202 6039
14907 24870 10789
3855 1632 17749
9074 14366 15804
11732 3519 4296
3374 23298 5131
12222 13810 6559
4155 6102 24019
18784 20783 7693
23706 9951 10186
20969 13813 8557
1563 15346 22571
15232 12244 24084
365 6346 23148
14136 15387 9707
11313 2528 24286
24771 19793 5660
22532 882 6489
1087 8657 1320
13877 10644 10683
7633 18669 1033
11132 3146 2237
23005 7889 18410
10886 22083 4840
8077 12132 16527
9911 1980 10702
19467 13924 2982
22453 22971 1839
12089 9236 7537
1444 19560 21437
12561 11451 17828
3981 5977 11657
17593 9812 9846
1929 12388 21076
220 14836 23541
10344 24425 11693
9870 5690 12337
16059 13113 23747
1046 22730 14467
16423 6808 15666
14234 19170 12031
5708 7999 16073
15113 8171 25136
3742 24193 9059
15572 2071 22696
24697 13 18796
10988 24760 9388
1216 12899 9673
22054 22965 14965
18296 19040 14188
16260 10949 19593
14114 24141 10117
7452 540 1443
5225 7937 17050
19555 11657 22424
13584 5788 9942
22087 7790 103
3200 603 15738
16698 3225 1451
5443 14771 18151
15444 6717 17246
8507 24577 12056
18826 12351 22812
942 13162 20308
5247 8607 6993
6214 23219 18935
18964 6231 7676
15771 7964 12110
9664 18556 6103
19685 24136 5853
17556 3949 3025
14048 15926 541
16183 374 6855
19365 18143 13573
13645 11235 18465
6182 24198 3454
18396 13455 24873
23856 11704 24754
22622 23767 1341
