25362
6408 6539 7941
15048 16988 3736
18641 16689 24058
15482 19415 21912
16889 8017 20133
8838 17397 11424
10667 16664 24161
6129 15466 19701
8150 5677 11074
9913 1569 2999
5866 20959 9891
24026 11688 10671
10207 8348 4922
702 13409 12638
8020 2576 8077
22999 17196 14078
1975 14858 23611
13596 21456 21832
1387 2099 20488
3736 18533 11459
9706 12540 19278
20549 19764 18087
25267 12092 15619
1324 6687 1476
19681 12586 2669
10802 445 3386
335 6367 22201
13852 22814 11004
14154 19414 15765
13308 22993 3202
8189 9133 1085
9460 14493 24433
16912 10111 8521
25078 21712 5005
3837 14084 1547
4959 15213 19606
23600 18032 17976
12627 13544 24965
8420 22745 10819
4686 25196 23428
17202 7563 23450
15426 18921 19840
12797 15234 10217
2938 22523 2117
6158 3506 4400
1206 13918 21559
7977 4941 15584
25297 1948 6388
22744 2387 5834
20326 20762 16195
12262 2029 14715
24443 13385 746
7535 20920 15472
22427 16505 22007
5245 21956 905
504 19171 5469
4577 20179 25356
16825 11146 24394
7087 10916 13284
9029 8001 24299
7532 16043 12234
4638 6915 19570
8662 16435 20546
3927 23742 22807
17228 251 17542
17634 5580 15717
9946 20285 7739
11699 14729 12120
6530 2755 12885
6389 5763 22382
23704 3210 23649
6183 3970 12992
35 19889 57
3114 21246 5377
21782 15505 797
20155 23119 4096
1743 8214 16460
21449 24348 2163
7739 21908 7856
11102 14786 24077
16900 11100 14811
5460 4110 18841
21048 2275 19186
7939 22058 20040
18412 21976 20320
23711 1977 12435
24384 21024 13384
16483 23034 9316
1803 2707 19977
6020 23873 11057
19748 20353 20437
455 19013 9264
4839 2263 24266
215 13895 11598
22794 1048 12426
23456 19058 21044
19572 20903 16278
18701 22630 2702
4758 9426 6411
12693 4901 15503
15096 23887 12856
16058 20583 3031
22233 9393 18671
7949 11454 17142
1601 1782 5043
14439 5964 17415
11600 16565 18857
780 9310 16150
20890 22176 22607
2399 7476 12260
20745 10158 9777
1357 4638 2293
24381 13572 6215
2919 12579 22416
19094 5028 15171
11878 23393 6105
21984 23056 9069
10498 9775 10982
9796 2777 7891
3079 1809 9412
12182 16236 24020
15288 21214 15879
20886 19681 19569
20565 159 536
9970 1172 10283
4230 20442 7100
2676 15129 21141
6591 15810 10101
18668 8629 11394
16418 17671 8386
6892 4712 11522
10131 17067 13573
25042 2723 3247
18252 16167 21962
13393 1235 16869
13229 13066 13185
8470 12928 13995
5137 23350 25276
6372 12290 7142
5047 3609 2522
20154 7222 4499
25219 7978 24671
10619 15551 3512
18323 5834 5800
10114 13860 14686
7753 18978 987
15682 18118 15654
15215 11015 12387
4093 20694 12292
11369 8465 15909
14222 6059 5699
10975 8066 16116
4648 21312 6477
21151 3892 8409
23500 20371 23637
12083 22593 6068
2477 18970 20250
17931 6512 21490
19284 1082 2598
16015 7788 13335
14183 18677 3545
6622 3635 17409
9165 20799 6943
9811 1884 12165
20292 9837 17240
8785 23665 5099
6602 24628 15838
19826 17959 9637
5766 18564 14955
21555 4218 21773
250 2056 18414
5518 10252 11794
4201 21641 2940
4729 5065 22688
860 11834 1273
3928 13351 14639
21277 15593 17820
2040 732 16360
4799 9653 13680
12130 13370 14114
17098 12792 12930
6509 11887 13586
6057 18652 17907
6748 21477 17227
7841 8080 18503
8210 15597 16659
3585 22240 9466
2372 24679 15226
20739 4476 782
6193 13594 24768
16651 6362 10029
18070 20976 22643
24109 2675 10869
7418 9955 20829
7725 4339 13738
18741 6281 16588
3822 10117 11178
5169 6244 5971
7555 9685 18167
22596 14977 3647
19912 22778 14044
8273 10215 16890
11514 11464 2356
24036 19580 6974
6661 14801 10335
542 22182 1424
10920 21771 5331
9076 10032 1344
3496 4330 24374
20113 13183 12313
24555 6445 23867
11082 6283 9651
11743 15572 5513
15869 4853 5076
23390 19137 15134
12511 7263 2733
3724 2495 18952
4294 19723 23910
8787 19930 18369
2786 9161 5566
2217 24310 1322
5598 24394 24367
20600 19375 22088
12718 15663 24580
658 16622 21788
15619 19457 5593
3030 9488 24987
17563 19829 18501
16535 4353 1907
6829 11081 7939
5647 13287 24860
7895 1331 22496
12523 12383 229
18019 23307 8231
20650 15147 16721
11176 20240 11103
20815 5511 23044
13014 21684 1497
6281 11838 17782
15177 18728 3036
22392 7147 17840
4423 9845 16029
22048 7655 13899
10843 12700 9673
4905 17445 10432
21346 11631 13817
17273 20498 20407
23908 33 25071
20566 15999 23600
4604 2978 24587
19102 10613 11835
20885 577 22371
14959 16919 16743
19716 14454 24101
15436 20853 4613
14331 6732 22397
19388 14351 5008
18876 1578 11880
9293 17640 6497
12960 19834 7294
24692 11216 19916
1432 19898 24510
6674 13326 20494
18171 13437 10173
14746 8718 15852
3302 13846 16391
9804 13743 16529
15067 13216 22768
12147 20677 14276
11755 9949 15366
19709 22486 5720
12486 2282 21293
968 638 11871
3339 7438 15004
13542 8291 2982
7011 3133 4718
14468 23431 5297
5745 14406 22834
4033 11438 4830
21410 22144 13856
5781 23148 23459
1980 575 409
17956 15553 10826
18378 3319 102
19242 23462 11746
7932 1305 16776
20522 5377 19343
13737 3551 22182
25055 20747 9877
24690 17792 22477
11876 9481 6160
7122 23644 8167
8609 8720 5912
22346 9346 2594
22457 10536 2580
4735 10570 6065
22925 11554 25261
11280 6037 12210
24641 21575 14150
18950 13206 22355
15896 16897 3331
17175 19201 1773
16799 2162 14200
10238 1011 21982
16270 10050 12794
2513 20212 21232
15940 3811 1014
22529 15257 4607
3967 19961 12684
11977 18232 2963
10598 14373 7034
10999 22330 25337
23114 11389 16488
3700 7019 12222
23033 21741 25122
14532 25233 2577
6322 8913 8737
15138 941 20972
15654 12002 16229
20445 15055 7505
2714 8174 5189
22187 15424 23494
6794 11788 16629
15530 9925 22419
17509 4568 23820
8659 12317 8959
25116 24057 23149
22675 8676 13033
13151 23772 1039
9855 21243 18931
17390 22865 17527
11986 15756 21822
23146 17902 9784
7352 4174 18924
98 12212 23402
13402 21493 564
3434 15770 3149
8138 15733 13414
24257 14297 2896
14184 2170 25215
21089 11936 4081
2264 2775 2483
81 13318 1131
8013 14855 19244
19406 10992 13083
17136 477 15329
20188 1821 23248
20415 13972 6096
10017 21895 393
17622 6190 22039
11805 10817 10395
17323 24006 6260
18747 24045 18451
16163 16088 11282
18827 9266 3435
6449 22897 19944
22644 15341 24627
8453 20774 2876
24169 361 8463
22149 118 16886
14016 865 3565
382 20108 16380
2577 527 21451
2335 12198 9959
12389 24875 17883
19975 16227 7737
11433 13191 3675
13557 8568 5712
3510 19104 9374
5335 24149 2463
11037 1699 1028
9017 1402 20214
12706 61 8190
17978 560 19043
25010 3336 14825
11583 15354 10002
9701 22647 21889
1164 3040 19929
22868 5267 10077
21943 14134 3347
24334 19107 23950
4371 18273 17566
25168 19352 19515
23341 12081 8539
17940 21878 8452
52 10546 23810
3391 19076 1750
14520 15294 8945
23799 14515 19357
5206 7418 12750
9627 18679 2513
12874 10857 4294
24820 11140 9847
21122 7911 6670
21858 14921 12044
13776 11731 0
18791 4766 7665
23185 2588 6856
19867 2233 12349
6784 24159 23787
12846 9241 2742
12571 1647 16813
21740 19174 23283
6934 10025 6428
25075 15913 21397
15739 4688 14780
6230 23571 4477
1909 17275 3990
14662 1830 24825
6002 3180 20591
16245 5018 25043
21812 3289 3610
295 23027 7400
18207 22708 19897
2305 14320 19331
7197 18616 7206
9655 8744 18595
13900 6209 1889
22316 16188 21683
13332 22073 14265
12448 1186 4134
16667 5623 1584
3659 20192 15424
9147 8382 10445
21870 4132 1860
22097 87 14449
23005 23937 2288
17778 3603 4269
16950 19296 12083
16959 8910 7380
15017 11211 20441
18773 15379 14558
7584 24531 21235
518 21295 17179
11982 996 1709
5285 17726 5701
5912 11264 21112
11320 22686 6020
6069 18839 20873
22268 18027 18406
3562 6849 4760
20930 2290 8284
15963 1846 17067
4139 20146 643
21522 24171 20220
5103 17307 14597
11560 22371 15697
145 6138 9567
2635 17594 13875
6259 5875 21343
7169 2192 7198
15055 25138 7322
14860 5147 17440
5029 17022 7709
9866 3677 6910
18509 12657 1626
15552 20406 269
5377 3059 14745
24869 11635 20189
9328 18071 15800
13828 24485 12535
10527 17255 2193
2351 8366 5724
19452 6588 4850
16306 1 23316
23620 9642 22729
17253 14957 21745
12232 18876 18632
206 3107 18881
24949 17978 5761
11333 10644 9653
19938 19207 3594
23650 13114 14201
23836 5274 18781
11838 19357 2198
4253 11269 17662
1784 9825 8663
11393 10277 24359
5831 18844 23247
3886 21621 9247
6354 11810 20009
12921 4961 18621
14854 10489 20791
19052 10093 4513
4470 19594 12486
17623 19790 18966
24451 24410 15308
22238 11829 9108
9958 11309 14507
10064 4855 22488
16947 10413 4657
984 6763 7331
8235 3592 8188
17884 9297 7628
14303 24522 7430
14829 6463 20435
1126 22192 14952
18903 9042 17620
10217 4642 6583
4620 11050 18281
2720 2557 5876
24806 13471 15984
4159 18412 14232
15729 9706 11496
366 18186 19666
5310 685 11989
19577 9451 25201
7606 4533 24337
538 24117 9626
15881 10056 24146
24236 19247 23631
13062 8295 18455
10349 4859 14039
5596 23205 22126
21400 9733 12102
11783 8100 14061
21561 3721 17349
13623 20082 20524
15570 12706 19149
16934 8006 24091
15980 17465 15861
17557 16383 10899
9601 12835 23195
12349 22551 22845
16143 18139 675
8710 12001 16787
10577 12894 18327
1720 6017 15178
16925 9196 33
16510 1874 4031
19003 7928 5437
20063 9086 18720
13496 1128 9118
19362 5947 4426
16346 17170 2789
9617 18808 14367
8738 2539 13973
24982 22354 5430
18093 16543 17256
16047 15515 20906
17592 11909 10717
10783 22013 6152
5132 16748 565
19633 19222 8870
7429 12427 11252
24181 7805 712
25230 15865 14874
12790 16790 13273
9569 8171 4698
126 774 2349
24137 14182 9200
6460 1919 3398
634 16285 19209
2814 2874 8162
9751 21919 2638
20080 8135 11973
20774 21268 25089
2863 14644 17776
2184 2817 18555
19964 8815 12769
17681 16861 11944
23413 5783 5241
4888 15029 23878
4672 8788 11306
4184 323 21071
16368 24802 6760
16718 14010 13500
23110 4443 15432
6849 20949 14050
8573 12499 12560
13269 9588 19088
21648 6895 9917
3552 15482 18211
17706 23156 18984
7468 11182 21899
18133 2116 8998
9910 25051 17351
14744 19503 22440
24495 9707 468
586 22275 10535
16126 23833 7825
3781 18050 898
1649 20155 22315
11227 3254 1823
20153 4192 4320
24600 18363 12948
25313 23982 23683
7199 4050 1176
4740 4997 8576
4693 10718 20709
8264 6578 14339
10395 16701 7559
14698 23934 5298
20462 2933 4253
16083 7682 525
23105 5532 17124
24757 23605 9717
18542 1671 16969
16806 1616 23557
13643 13768 9874
22019 21131 8529
23417 6395 24941
12408 2894 8117
1219 12288 5236
5684 878 15274
6976 16123 5642
16863 964 173
14942 12078 11551
21015 4652 22270
13451 10603 1807
19573 23909 496
5995 6663 5313
16629 10755 9555
9099 2273 9451
2892 823 9313
25191 23921 11710
11010 22409 8039
16567 14851 23670
12046 4013 18506
19795 23817 12453
21503 7114 5145
24080 17848 10932
17353 518 14416
20157 20547 13710
16704 7525 17813
2400 5424 6342
19616 15709 17359
14391 4828 24847
5497 18570 3574
1564 12976 12710
7615 14601 5794
16177 16426 7785
10141 25038 18535
8884 15648 8713
14902 7845 24718
24699 6985 13773
12304 12611 10098
2563 25019 20392
896 19860 10737
6198 10336 23824
25068 18841 20662
8267 2686 24638
19959 6843 948
24735 1049 12934
24901 18161 14323
17123 16294 185
7837 4505 17703
6957 2457 13166
14492 5923 2246
16405 12872 10310
21472 14694 1771
11571 23493 23142
15836 5459 10609
12673 13496 7283
4049 13262 13613
9499 3469 20442
14798 21322 20344
14162 4002 2336
8690 17134 7755
1033 21357 4564
18266 24070 22939
5953 2521 309
23234 3516 12024
9316 7760 24207
10468 16329 13638
21682 18458 24177
15521 24846 10486
23863 8512 5939
434 15124 9834
23902 3509 24073
7690 181 11706
19279 19306 9243
7641 1891 3483
20889 203 6690
16301 14228 4793
13351 5732 8389
5964 12617 16323
1454 11565 10129
19375 7409 20939
8582 21172 15920
827 3377 7595
1079 5294 18047
19323 7306 19898
13108 3424 3046
20696 13668 6978
22215 12934 4275
23279 8959 17737
12609 6805 8935
11235 10319 20101
4998 23270 20232
21303 4690 594
18424 2532 3773
12887 24706 11679
18347 14776 21527
15697 1280 8621
15357 11641 5361
8821 2000 16892
10477 15579 4209
7276 5691 12428
6714 11129 6781
11938 1676 23706
12234 16966 18261
6043 15107 8330
17832 2680 3100
1657 15850 1226
15802 2165 4447
9215 4248 21603
24286 10761 23001
14558 20177 8504
24688 3362 17949
10300 6100 7436
24518 16616 9161
14104 6312 21513
1537 24411 8563
4258 5719 20218
23058 24218 10579
6616 9079 6837
1958 76 867
13771 19629 3152
15769 2538 9587
23532 18695 19527
22844 11416 21254
2929 14278 21351
10885 23531 7572
18057 10624 22969
8307 408 12609
21630 8299 1403
9436 22442 10036
19181 24456 3315
14276 1536 428
141 7325 6878
8923 13703 630
2959 5649 9670
15696 16527 3090
8525 14548 8281
8454 8964 3860
6933 9518 448
7090 2849 10273
18442 10953 19292
6726 3848 355
16448 2672 8887
4416 12112 17301
11931 4761 25295
3194 16506 19152
13783 3937 11208
11858 17057 2407
10188 25054 19869
9464 24912 20299
3481 22976 4928
21191 4396 14979
13468 10195 15549
5200 24633 21881
2119 11514 10465
23692 17678 15089
8850 18316 11947
10933 20279 4208
453 10899 3810
1993 5558 19407
23671 16337 16441
13156 14095 1037
8334 3042 20447
12756 21901 24795
15363 8915 7916
7675 17931 8782
1286 16523 9432
15314 4613 12562
13298 16675 19652
4482 24961 8804
9335 19119 23989
23339 19577 20290
2192 10576 2429
24742 14907 17015
15879 1471 20346
20383 25181 5538
8060 4656 22378
12558 16977 2556
21217 16531 720
4196 8260 6933
23755 1695 23362
3270 11266 21436
17010 13410 14350
7322 10921 14128
12386 20641 1389
21113 6620 19450
16441 12042 21956
5017 1283 9600
8849 14688 9049
18459 17074 14547
3459 5184 24570
10253 23183 18997
4537 10767 21612
2888 14577 8385
18184 22277 24376
24924 7588 21021
5696 7356 21183
1591 12245 14478
4917 7615 24251
1507 1541 14409
20468 5116 133
16062 17769 16564
19159 19711 19796
6791 22846 11149
14063 24606 6533
9082 5172 19499
21434 6009 11901
158 21405 23339
5317 25220 5289
20862 2354 2499
7890 15062 7058
14754 10452 18733
13693 18378 18182
19022 3008 18686
22969 13931 15139
5237 7875 18803
19480 1031 14090
20019 19677 15805
19696 14401 5659
2151 16744 16862
13945 24992 14737
11673 12144 2076
2081 9899 13451
7234 20614 9338
3625 17911 17117
11129 11980 25162
9364 23421 20778
21904 8246 2675
8921 13631 16419
11445 21139 13224
22563 23088 6182
6375 12876 18851
16201 20704 9976
7514 15313 4605
17840 9456 10261
9530 25095 13591
25128 2973 4989
10737 13255 773
5416 6123 7539
8380 2629 14989
15585 20308 20851
20205 22105 4944
7149 8475 2021
17485 5171 1541
20967 16157 20805
7398 5221 16927
13589 12720 9323
8972 6155 19458
11247 22305 25256
3508 12338 13301
6118 23308 20754
8055 21073 6312
1893 22063 7478
13982 14035 13939
14630 17405 13910
15238 10686 9005
23326 4156 22539
4001 17512 7910
2450 17214 7186
21610 11945 24838
17438 435 17609
23954 187 9511
19813 7384 17123
18878 17329 14606
3613 2422 3705
12026 2363 20936
11060 4332 22498
25178 13134 20345
20497 17814 25199
21294 1521 18333
14580 2877 11288
22879 8488 8850
7688 12480 11118
17741 5344 2048
11050 24916 2814
3228 8445 15938
11069 10384 24100
10433 20821 2826
13867 16826 17999
11196 8529 1845
21127 8501 4366
23664 16575 6588
15235 6935 20681
13714 2957 23116
11791 675 824
19530 23226 3940
402 1444 17081
24535 16850 15667
11645 4711 4898
4511 22345 4865
22509 7068 15412
10196 19527 2374
13479 19604 25202
16751 13137 21718
1690 20014 8355
3174 6268 16504
21243 22933 9720
6056 1638 9433
13801 23711 11093
5554 9408 25163
10068 4291 10382
16130 17560 19698
6562 8417 14904
9244 11600 22463
17283 8873 12817
10175 8600 3359
21396 23080 22150
3541 24765 13996
19132 16478 23938
23575 4795 5476
1499 15959 2303
22361 15861 11456
18592 17084 10777
1038 23469 13611
15090 12251 11051
2258 15020 4622
8112 21596 13531
1942 17404 5551
1256 7713 6807
22488 11348 25056
17806 17006 18935
8487 10005 6918
22169 17480 1370
11652 12191 12450
18305 15187 5381
11063 19032 10911
2983 9382 6591
19607 10897 23079
930 19622 21070
15412 18932 23739
23507 13018 20141
5993 23964 1664
16589 17298 19746
8856 17139 18836
23866 18769 19123
19218 1732 24892
8468 18391 6279
22114 3193 3382
14253 22965 22893
7803 21841 7236
12966 19488 18103
8490 18928 13755
4338 13252 1974
18986 7190 23712
10235 620 17712
7051 1381 18131
10755 21821 1971
12881 12440 15001
17057 21527 1459
24403 16660 4654
10470 2329 1935
17633 14906 4164
14539 12008 2301
5094 4095 4526
731 8843 25037
5692 18505 9489
3549 5498 16675
17836 899 20067
3158 12767 17477
3374 16713 14826
9216 8994 20045
9388 2725 20639
17621 428 23518
14987 9855 23165
1843 17364 8020
14342 7111 9747
6749 24731 17098
20242 24263 23277
11073 20006 24767
16858 280 24471
18653 830 15278
20367 4135 3896
13698 24566 6724
23769 5080 11347
11683 3763 11640
18181 11749 22245
21707 17200 3302
5672 10098 23207
23978 21084 3417
21050 20811 24546
15614 2388 22792
22695 9592 22583
19017 14283 6639
25108 8198 17456
10679 20477 21648
12202 20041 23905
16996 13805 11201
5986 17895 15050
2589 9084 23737
11909 17242 13127
10694 9543 6987
24484 15624 3287
700 2048 17052
645 3676 1337
4990 24178 7978
8842 719 24215
15498 20714 16074
10626 14075 700
2770 12369 21842
13196 21415 2167
8083 12728 11603
24187 947 10640
