25947
14352 9434 23404
15017 1416 23927
9455 12009 17542
9375 12170 19046
7558 25550 21347
8267 23996 11831
2583 17426 13534
20804 13265 24593
25127 13523 12510
18101 11537 25213
5419 4370 8711
5853 3398 23617
20796 18323 23870
1285 25612 970
1182 11630 16792
6638 16394 14864
3430 16329 10326
5368 24383 15500
18685 4985 13289
24536 1995 8455
7843 6724 15897
8942 5106 10073
12340 19524 22344
23147 14248 7133
13167 12764 11120
18787 20221 7806
13969 10911 5634
10692 10357 12622
12382 20663 23582
16474 4325 23436
712 25246 21442
12864 3706 22144
14470 12637 6570
20302 5011 1359
18567 14903 22679
12467 7336 10203
7336 8594 13115
22096 21064 13371
7487 25294 11083
21961 24617 16013
22025 920 12578
13889 6024 15319
23324 21285 5197
161 21081 7390
12715 20970 12452
23641 8883 1154
18992 821 19398
21619 9244 9695
2276 3552 16783
1402 9011 24435
2225 21886 25092
16671 16944 18648
17640 5959 3229
10390 9799 19647
8787 23577 24445
19164 10772 7293
10665 5838 14646
983 25816 22781
4937 22668 6522
6215 375 1702
1862 19387 3994
23895 21739 8658
17893 14139 24715
5090 16981 20719
19889 20487 14989
19826 17544 15869
14288 19620 14177
21666 14485 14208
20758 19599 14700
12094 4237 10163
21016 13477 14320
2346 20324 10909
15439 9051 9096
17390 702 513
8512 5737 10639
11425 7266 4689
16419 14529 16781
18148 12005 13222
18406 20163 25010
24640 15983 10763
9906 5130 23679
23367 16764 14547
8950 6404 14326
10966 7056 14991
15251 6446 22924
6355 7590 22974
14250 10865 10708
20156 8366 18586
24690 7879 20169
2382 8925 2367
20058 5280 21504
24590 3009 23819
6094 18373 3487
12422 16217 3984
18962 18752 19572
18174 5592 3381
19201 20921 4259
1688 5318 22518
15608 413 6404
20213 11588 7287
14653 15075 14503
9502 16608 1267
1090 6765 22627
14260 8625 15312
20654 24567 15229
2418 243 15864
22453 24748 255
12979 4645 11315
6815 24914 21609
2544 4037 8975
1941 18051 3332
8341 276 20379
25114 6418 6846
2571 21569 24904
6178 22153 9756
3994 10756 1221
12815 15630 5606
21280 6936 7597
385 20437 15300
11822 14873 7636
21071 14252 1864
13258 22170 1790
743 10378 18111
21668 16995 24731
25203 10477 13709
19954 17282 20644
6234 15160 3639
3301 19701 10142
14981 20794 13407
13842 24720 5880
24004 24322 23296
19387 5498 5545
25076 23911 12348
1638 3010 10966
8464 3834 24119
14225 17701 4541
13190 12290 22739
8009 20027 3268
17426 21127 18911
23006 17376 13059
13845 12706 1196
16411 10652 20923
5475 19872 1482
6673 10596 23919
8417 10545 22770
8508 21966 2523
6328 25805 13132
1041 5868 13766
16544 14674 20870
21152 19210 4292
22953 22081 12057
25313 3794 18311
1743 1793 22163
1723 1800 11158
12867 7460 222
13033 10622 15544
16332 1315 526
21760 11147 19028
6624 2509 12865
21349 1683 2257
2436 8668 3561
22347 25728 15353
6049 12468 11415
13029 5642 18330
10785 6833 20473
15513 1575 4912
15842 19288 6442
12187 9611 4711
5507 20134 14008
17768 23191 21500
580 753 23005
17977 16004 13539
9527 9305 10553
8156 3142 24989
23446 22654 13361
11109 6040 19792
1592 13103 20421
12546 16055 5128
17580 16671 8763
5643 677 7085
13336 14565 8391
19793 16144 7264
15509 11509 16462
14767 16045 18410
16129 11876 19655
13726 2021 8319
10871 18397 5164
20685 12931 10812
8385 25032 18434
4686 3441 23251
1895 1066 11465
11187 18968 6229
11123 9424 16163
19999 1744 4751
22436 13861 18252
18772 10034 19178
3783 2615 9494
9114 20968 6936
3564 7978 495
3527 5330 3369
12757 12408 2501
12269 19877 7788
3708 7970 23213
24622 20864 14748
7413 4526 11249
13770 10150 18138
17298 4111 17361
15474 19473 17632
6963 3627 9281
3227 483 12454
2905 21814 7451
18027 4884 13902
6582 23447 3582
24927 15583 16982
19875 12530 19721
18546 8486 19626
15269 22788 7942
5471 18956 16685
3002 15248 4337
6988 2279 25022
9990 21013 21057
13637 227 13909
13968 23350 6250
2167 2390 19345
2152 4429 6969
14578 19000 19290
872 9637 11490
7153 18094 18229
6520 7829 1604
16592 2657 1746
5120 5990 5655
5161 14499 15655
4265 23147 6743
19955 6529 11842
3082 5378 2443
16972 15108 18264
23031 15992 16509
15939 9056 21213
11556 23907 7799
12137 8157 1406
24701 13411 9292
14900 15060 7490
23327 7122 828
5990 20400 20078
19882 2437 12197
12792 17190 6595
2823 4753 6044
3983 12319 9946
14149 5478 8622
8720 23702 15113
3594 9203 14054
21922 22965 24925
9948 3086 6923
5644 8879 6888
21877 533 21155
4352 130 2905
19517 2916 9307
15212 347 19536
14486 5676 12465
7185 14296 21742
10571 24886 13538
14721 8505 8708
702 25436 10605
17729 8893 6700
15767 6706 15172
4126 8047 16254
2116 15490 919
24856 23814 9107
13863 21129 17100
17075 4794 13610
309 25848 16858
4209 1377 5858
17227 23786 14398
19326 25317 2990
4854 7119 13046
6319 10497 14659
4018 8220 2755
22493 5578 5979
11788 0 797
4190 14945 4762
13681 1442 5439
12210 4399 16177
945 1309 10488
21683 16631 17841
23495 12088 13644
21535 9984 25049
24771 22920 11638
11222 13122 24822
3886 18203 4597
6308 25637 5579
5075 14732 12096
352 23741 5215
16429 9934 14788
18764 22744 14366
10999 20604 16620
24303 12251 24195
13536 16153 19230
10461 4099 18095
23971 6237 15505
14019 18694 10619
17813 7744 20178
15383 25348 5631
13439 2996 8433
10925 24038 5746
13228 16528 458
10844 10406 21378
20192 14219 7711
17848 17466 23350
5511 7791 10785
23726 17657 6031
23128 8682 12408
19755 7426 15591
9157 8834 12839
18663 12673 23126
3260 4012 9012
6243 6959 20732
1931 8303 6316
2854 25477 2327
2518 10899 21331
9486 19347 3713
7244 13668 1122
405 159 5407
23892 958 783
5466 19088 19786
4897 15263 2347
256 17998 20258
10317 4482 13858
23392 8448 21503
1335 23059 1468
25013 14393 16219
21833 17255 19594
2795 1485 9105
3985 6053 12795
7108 14722 6124
7832 4918 22221
10131 20103 18955
3490 19942 18345
3563 19871 20745
13064 8088 2712
20209 20271 20488
21021 3963 18110
10569 1520 12942
16880 14821 591
7638 18277 6455
5215 11504 15272
22894 20704 22382
16713 14966 23630
7346 15718 12308
17224 6496 19397
16205 8900 3756
8298 24549 17495
3121 18963 17300
11087 23913 15349
16756 8554 14901
4565 11475 4449
483 18626 14009
18223 8441 9800
1557 21690 15889
12514 3192 2793
14193 15945 8138
2385 5100 7849
6392 15841 24829
8321 12897 21031
6745 8141 23147
17138 12762 18883
20097 9996 7114
22056 2188 17098
22256 24651 17180
9777 7482 4386
2631 5179 7982
5901 6686 14306
19622 19048 14626
2930 21816 18710
18480 24685 10894
138 8258 16316
617 18676 15798
10700 4832 4114
21243 3351 18464
7744 15868 3442
23940 12125 15181
17690 8367 21476
2764 8434 17730
5388 5059 10557
9102 4571 4945
19104 21522 6205
20131 2077 19497
22770 24085 20785
22621 25462 11419
20465 11956 17407
14933 8420 1622
19571 15194 8104
547 22580 18760
19395 11685 23055
14693 8400 22865
8656 5706 13437
448 6637 24169
2953 21551 16819
4733 15302 22782
18972 16814 16758
20440 17141 24748
23759 4419 7019
24964 12523 12841
5342 18846 1678
15120 19922 24627
5525 15907 14045
9316 17751 5500
7547 9468 10283
5248 3016 4066
4143 23764 20534
20836 7144 2948
25407 15213 5465
3926 7276 20563
10482 12047 7237
10536 9628 24482
23771 4348 13254
10057 24118 17810
8724 584 2842
7310 455 2889
21384 15676 15651
22533 7378 21313
10185 14335 23716
9227 10973 21996
14828 4687 21519
16 17930 22097
11279 7912 23390
2035 8311 19269
10946 3489 13290
1372 24363 20807
14158 21287 12824
10366 21239 18032
16252 20708 6381
9013 22489 9522
10605 23281 12554
11875 21452 17953
24289 4518 10098
23192 10129 15909
824 8906 9435
23568 2554 22569
8594 24423 5819
189 15312 15752
15048 17593 24051
24365 2134 19206
22043 4098 3338
14234 15289 7482
1432 5259 18532
11178 16564 10579
3592 12407 10257
11122 7008 899
19408 9268 2567
17285 21174 2285
259 25115 150
22297 15014 22498
22185 11651 24671
12215 20634 17694
21491 22687 8179
15136 1040 24448
16368 15287 23994
18292 13757 18374
3308 2956 5255
1120 12055 8159
9865 18077 16387
4532 25743 6178
16504 20689 12236
23606 25202 3853
17026 6103 9607
7666 12208 1314
8794 16835 19539
6557 2936 382
3042 16706 11304
20401 2479 3801
19174 24798 2286
14106 3169 8754
13351 17799 8670
21325 6149 8810
3084 12588 9816
8986 19910 22703
20720 12490 22300
14041 9273 11965
16833 22139 21932
1476 914 6651
22740 4402 14408
15677 14835 24573
7595 845 4579
18858 16248 8855
13039 6273 16044
18670 13344 12311
3186 15414 1671
1769 22238 24304
2873 17778 16116
14230 22533 3277
5565 9685 1736
8923 25189 5714
15277 25482 2589
13544 42 7895
10875 15366 24676
25166 984 16046
5935 11054 7466
13696 19563 7664
16294 10585 21918
778 17855 15473
9444 18281 19574
17108 17614 24228
5443 20298 12722
9692 13622 12704
10805 12307 14093
23678 7690 12391
23693 18727 11261
24076 10680 3812
19705 11832 3934
25181 18799 14468
16976 24589 659
21799 8111 19143
9760 14472 19888
11746 14864 7504
20577 8985 24350
15437 11289 5873
20510 22107 4176
22408 16447 6259
20937 2220 4788
21197 9867 15842
18550 8202 3027
18377 18494 8265
23095 19978 18717
20028 3867 16642
10704 24986 18609
17304 4842 21205
21440 17870 8943
2237 7956 8370
5952 15541 3709
8877 23675 12331
9031 25386 1066
7332 15227 7217
20894 18810 18023
11462 12426 1474
11696 2111 12741
22693 994 20690
7235 19655 23669
20473 6187 5902
18331 23493 11461
13149 19787 17610
1136 4062 15231
14596 10253 711
25058 2183 23917
22944 11426 7851
3749 20401 7054
10626 22262 9721
13347 3236 20767
5710 16056 19840
9428 3777 5324
8132 11516 8765
20343 18456 24335
4436 21519 12295
7942 16997 22540
13378 3138 19485
8433 25034 21112
24319 17790 3256
7714 6062 24184
7378 10103 3878
12149 13194 18887
21471 11795 7747
12952 22619 8955
275 21326 20605
5608 11861 11739
20531 23107 3920
23076 2342 4136
14953 1798 295
13886 7550 22079
23443 17848 23188
7710 8715 24670
15629 3650 20308
7775 3328 12696
23812 18192 10970
18997 12237 19777
25242 10194 3902
6701 23015 5335
11906 18062 7186
14622 6819 19941
18566 5337 14046
11997 25082 20091
16021 12366 607
15862 16782 14945
4109 24960 13369
4279 23315 14259
25300 13430 11919
9396 1208 14117
23973 20008 17220
20250 15322 21632
17606 23860 19305
21102 13970 23143
4388 11402 24271
23382 4492 17441
22445 322 16340
11249 20826 16268
2013 16492 16431
17352 6700 4615
8764 19846 21059
13459 20074 7761
7075 6251 49
1524 20201 21959
5268 6217 20891
24727 15846 11291
21602 25876 8893
7566 13097 24085
18117 2042 24105
13807 23189 10548
13424 9570 14240
23832 22367 11720
17177 18394 5721
13645 11774 2382
2960 1084 11160
23525 12994 17339
18796 17952 20069
4 2494 7331
5031 1912 9648
6781 6080 7697
3634 22878 13573
6261 23703 17207
15870 14932 735
4302 9165 1976
11167 11935 19172
22600 19098 8058
7365 16504 5363
24942 19009 5794
2312 16105 8342
24794 7628 4670
11506 4623 8008
12643 19414 7288
14874 24507 1017
11818 25299 1074
19539 2593 2111
24795 14681 1330
3283 25742 5131
91 343 17243
61 16537 4835
8138 24150 3121
12594 9813 18010
7035 9527 21163
15874 11725 23606
17465 19162 13750
9818 10221 9562
16263 25521 8489
23609 13791 14158
25299 18104 13803
12295 18247 8532
17529 25261 17917
1033 3916 10156
7002 9351 13771
12985 4432 317
3763 1324 14383
4219 6420 21670
12271 20146 1001
2673 19474 16715
16159 21604 6487
4493 1680 11520
6462 6310 4826
17739 2797 22884
21586 10514 21255
24031 11094 22279
6091 16302 17241
6499 24463 12581
10098 14427 3512
18835 8793 15435
12146 21554 9238
20093 14601 17252
6938 11764 15378
19937 18881 13170
23870 11979 16051
325 5852 14687
7950 11310 10371
8337 10840 7427
18728 5783 10487
12283 13377 8217
9650 21982 19953
513 20250 4049
24243 14212 17961
12236 13716 194
10825 23039 2226
4465 2819 12430
8859 16714 11269
11844 15735 9915
23423 20571 22028
19577 24412 16705
24261 21484 17590
3142 286 10540
18622 19270 19444
12660 9758 3092
24399 4169 11063
12640 16277 23307
5141 13247 4164
9710 14169 1854
10494 15112 7340
5754 19749 18810
23261 20066 11972
2489 1123 10206
11601 3252 432
11814 6573 16305
17291 24284 20140
6288 1638 4131
12029 21768 19947
15728 4150 7702
23248 9141 24218
8295 2052 12897
22382 2690 11376
12511 11352 20334
20866 9328 22201
8188 13154 8546
25314 10891 23098
19077 21523 11869
10222 1158 2985
18261 15061 20282
19666 794 15035
24839 17208 15618
24095 18544 23309
11342 12712 6791
22192 14328 5533
25361 11898 14179
8243 22997 18489
18075 22839 17557
10748 15814 9115
15797 21403 13215
20299 7185 24884
17781 13381 5987
2296 3036 23421
14322 1366 448
9563 1382 21783
9077 583 7388
217 5446 9460
25065 14981 10884
23307 21919 6163
1219 9890 11686
8673 18144 8866
4984 6815 7715
11934 1163 13665
15428 23408 367
9268 21672 15400
9694 23378 5670
4235 9795 69
24508 16399 10023
22713 18916 20026
20385 21859 1911
22803 23726 5960
19339 873 22613
22210 19592 1574
17511 21220 11599
5188 24847 22060
24219 14159 23509
22685 16606 19119
15165 4610 16895
19000 717 17431
22655 553 17700
12689 25775 19936
18539 14695 18180
21995 24271 22321
13508 18880 21401
19802 2483 18691
11530 20818 6560
17932 23960 11339
16922 6873 11570
20183 10716 20067
1127 14463 23349
8044 3692 17106
9785 9751 19358
16140 14050 20222
8199 19327 12784
12681 20533 3914
3381 3282 9228
18607 10924 9881
17540 2253 557
25251 5303 12261
8124 8587 17032
19961 5545 11976
10166 7506 9153
2085 11364 17552
4777 5767 17702
7443 21747 4994
9528 4945 14710
14525 1950 1983
14719 24224 24528
22383 18887 17890
10823 22852 19570
20003 1270 913
11179 16867 8283
16811 735 24956
23439 1768 21563
6861 18043 22459
11422 11565 25116
15327 14685 18578
25433 1233 15543
9604 20510 9056
22545 191 878
12927 12811 1839
16134 3133 6638
24461 7780 13680
15055 12988 22019
4671 8870 174
19456 23233 669
16770 7874 16578
13141 13274 19768
20254 7807 24854
6371 21132 949
22601 14190 18051
19629 17507 2040
11046 22443 11789
24194 9019 2686
1987 24664 9413
7905 21169 20452
10672 18812 17774
4763 11021 23757
24552 4230 5567
18897 14019 21625
10920 9396 7691
5537 14344 21861
13352 1795 13452
7970 22109 24371
24128 642 19078
12465 8174 23549
5293 2737 18131
21072 9568 10053
20969 23553 4194
15361 133 7542
8940 10821 11929
9186 6376 7156
14074 10650 15080
140 12972 4372
15852 10314 9837
5790 9480 18997
8552 11134 2072
21558 1751 2180
8667 4193 4944
17590 22214 23847
14428 5971 22421
25421 20875 13340
14395 23518 2144
17437 16177 4638
11304 11251 17343
20638 10443 6079
22750 16008 7423
21854 22806 21900
1393 5085 4883
23558 21370 20544
3331 19686 24027
673 596 1745
19630 13047 13489
3795 13893 1319
15902 13541 6291
3956 18563 8585
6909 14285 16087
9614 6445 9374
3309 18589 23951
22969 7217 15951
22138 7245 2638
10398 7699 19333
12865 12721 3401
16621 14099 640
11386 25572 10444
15765 23626 17378
17808 12151 14425
15987 21280 4239
5808 10777 12155
23035 13813 19984
18450 3727 18839
22213 13590 10420
5682 10339 15676
3464 105 1950
16919 19676 7266
3495 9104 16004
11641 18049 12409
8976 12857 5949
16058 10962 16934
17446 7986 21433
23292 6910 5082
19238 17903 12661
8325 6186 3168
2723 12539 14020
14782 25711 5372
18442 4719 8280
726 10079 20232
8607 3512 21091
16091 16630 1529
21414 19426 332
22569 10270 14640
16555 22719 11013
13073 19662 20994
7275 6607 1394
20126 24184 24464
1240 1448 24535
11544 17128 15161
13293 19235 20629
24331 8761 4009
5739 358 16147
24520 21032 1923
10828 9856 9406
2215 21941 10608
20071 17377 10211
12906 9733 18550
17471 15785 5285
15769 23498 9349
20619 11432 12677
23199 8565 16543
9328 19126 13929
13170 22409 17079
662 15520 20104
12087 21986 15987
13594 23618 2489
19283 2777 15778
898 23355 21824
10891 2311 23770
11275 14407 6138
15759 8973 9476
21728 1564 12144
6144 21977 18888
3145 16904 12022
8077 13027 17134
20786 1607 11200
1814 18442 20973
3843 22969 21173
15559 5221 25147
3658 14160 17880
13609 8007 22455
13411 3179 16347
11865 6777 19537
2107 11610 17650
16758 20368 14592
2554 7322 18920
24560 19977 23865
2924 17113 10676
14550 22033 10101
11672 7603 17884
13114 3593 24128
7811 21628 7591
19138 14760 8613
20140 14114 12988
4642 4163 24404
6437 22335 25191
22852 1339 17799
21382 1694 3598
6540 9836 22230
7234 4652 15769
15088 18580 6822
23769 5928 9991
2663 6408 22669
25051 13213 3690
14478 11194 2687
24426 4040 3060
4776 20335 6930
18498 25908 115
13929 20522 6337
7397 17040 15707
13502 5562 21284
18830 2866 3663
5927 18883 14825
24259 15455 23484
20926 5325 12020
13717 17088 24783
4780 14653 10172
19029 25684 9563
13642 23584 12956
1518 8340 13109
13646 25602 3320
17244 5830 3309
4063 5402 20860
10268 23030 20832
23881 6342 10817
22245 9236 20546
6023 3776 10528
18938 10941 2029
5178 75 4426
21247 7094 17449
16456 25139 1870
7866 18232 5035
5433 17305 19692
21189 10071 1436
11969 1840 9903
7505 4283 10835
83 22294 16500
23907 7668 7836
12054 16876 13851
5288 17341 22817
12153 11285 10715
17226 17975 13976
10014 1872 9197
8833 14807 1349
14853 11244 4493
19506 18127 3194
20470 2723 15991
2454 16359 16675
4600 5878 14655
4814 25191 11737
4454 22445 13006
12143 19810 4212
10556 19374 2406
21010 14622 21706
6120 13930 20731
24889 16851 6332
15714 13310 10927
24165 16850 3367
23855 20751 23729
18971 20412 16169
10429 1981 11232
