2534
813 1335 1377
1847 918 784
1636 1785 470
408 340 2461
2012 2375 972
2197 1838 0
161 1736 1594
2180 2366 166
2401 2176 2366
386 1445 87
922 1585 736
259 87 1549
1004 2206 720
1115 1595 912
516 1013 1904
1049 122 2042
817 2124 2224
1177 2240 1862
1476 2164 1729
2457 446 1311
845 2280 686
1708 521 291
939 1164 1432
2234 1389 1340
349 1370 246
2132 455 2268
351 1531 509
1351 263 211
414 2338 863
1910 116 1240
546 2197 1661
1825 339 2055
2207 892 2490
2329 1152 2020
1075 1115 362
23 1656 966
1621 2178 1747
888 540 2085
706 1671 1042
1120 2409 1889
1751 2331 607
1536 367 647
739 386 1573
45 403 883
1680 225 407
564 1583 1663
2476 1908 1446
209 1865 2258
2070 795 2176
64 2192 993
1284 1250 1144
590 1284 1965
762 1201 1707
846 696 428
629 2097 1201
1891 1068 248
2439 730 478
1163 187 1509
1312 1369 1157
659 1939 2274
1346 557 2000
1377 2253 825
2001 2310 2086
1968 2045 1445
1793 2090 1635
1429 298 2511
2062 1533 1398
2465 753 690
1333 665 316
1985 2001 10
379 1922 1662
1384 2268 1558
2117 1635 1121
1749 1469 1278
365 1434 632
171 2419 94
2345 1949 1081
197 627 2174
1953 1678 2127
979 1021 1933
1586 1658 1296
61 500 1503
1222 2095 2319
1522 54 922
111 185 2401
1234 1774 523
2373 1804 568
495 1293 1483
1766 588 2007
2279 873 1783
1379 1505 104
764 1694 58
1979 1964 2446
811 25 981
1654 968 518
962 88 127
1885 135 1818
1905 1944 2060
307 707 2179
459 825 1533
