3543
1418 589 1079
2438 1971 3351
1752 544 121
983 576 2680
243 1900 1639
2908 166 2252
2464 312 2901
372 255 3141
1934 2115 1237
1769 77 592
898 253 3076
3074 1325 1471
691 1543 1665
2314 293 3093
1522 2390 676
589 1351 2730
431 2411 1689
2405 2621 277
2355 1098 1163
3210 694 38
2975 890 1861
3275 747 1114
2597 614 2886
3118 864 270
296 42 2105
792 933 2823
3202 698 2299
1221 1143 2985
1937 96 1267
147 2134 481
746 1732 917
1702 205 2068
739 3103 760
2424 836 3185
1708 448 1138
1057 781 3467
7 128 3489
327 1679 2753
3113 1834 2450
1428 1243 1373
2853 2425 552
1573 1664 1523
505 2524 2879
2936 2895 169
1086 887 2529
232 2068 2025
690 593 189
1631 1208 1018
3343 2936 2593
51 3190 2158
3132 885 472
1024 2208 3015
669 1921 2280
138 2996 1574
3136 488 969
3305 1490 292
3103 3166 1306
953 1074 2416
110 2712 2710
1352 333 2202
1807 2846 1911
1063 582 727
280 516 1146
1985 2451 211
1666 2240 864
1251 1609 1423
2778 656 838
1642 1417 77
2824 1008 2797
1084 1235 1047
2700 1444 720
1142 1165 1721
544 1459 464
2290 2746 3419
494 2776 3525
1448 2264 2346
390 778 657
2749 3131 881
3035 186 3203
2577 1869 2975
1129 84 3100
1492 619 631
2240 2549 140
1368 1062 339
2625 2706 2538
915 409 1501
2542 1993 2078
1894 1706 3057
2493 1040 248
1943 1561 1767
218 1769 2822
2993 653 2945
938 1291 369
2524 2309 3198
2532 2511 3186
870 2587 3272
351 1004 523
77 630 418
832 823 1338
441 1239 1251
1299 2964 2331
2503 1861 677
3122 3079 3231
1614 3198 2536
194 2357 3219
2954 3044 2447
1612 1715 2694
1847 2827 807
2019 2169 1780
1551 1170 1905
2924 2683 2370
321 1810 179
1509 2481 2227
2203 3206 0
1165 679 2151
405 2848 1961
1328 3097 3393
630 3055 2089
475 1367 1981
3105 3033 2833
2226 379 160
1479 1673 1611
3250 3180 2492
411 431 1822
2107 1506 1206
536 1657 2637
3172 716 926
2300 1571 1092
2066 498 1502
1011 2644 2022
2882 846 1553
1944 2598 2739
2669 1930 3120
3207 832 3305
2346 263 2561
2154 2607 3401
1181 2817 2711
3082 297 3283
726 955 2629
