25409
14404 22647 25200
5114 24715 10183
23461 3200 7390
17852 17195 6366
6193 24276 2544
17278 22582 15456
21969 5028 3696
19028 2108 18319
10725 24792 4754
20036 13238 2045
16313 18154 14184
4583 2293 21217
3247 10000 22221
24453 1152 17378
20865 11170 4220
1980 8149 18194
12295 25194 8126
21865 1336 16525
12519 15946 5678
22508 21019 10663
24816 6420 16780
2535 15054 15100
5235 9249 21852
2388 24754 21319
19503 3188 22711
1302 6674 4502
1100 17813 7020
23924 5718 15406
11405 10739 8201
2598 21648 24989
7615 3026 22180
2438 4002 4166
673 5587 21548
9092 21441 15979
23886 22003 23808
13440 17423 23160
4301 23189 9524
19011 9755 9435
17062 24433 6133
19883 13548 17774
4551 25132 25340
20717 7810 4068
18508 2703 6910
11899 20766 1961
3443 7685 14263
90 18637 2418
23229 20174 18467
11857 279 8985
17769 10255 6939
12245 4730 5948
16609 21572 2296
22999 23962 8159
24624 19921 24943
18059 9494 17304
18826 22675 20707
12960 11486 14026
20079 2932 24876
18847 5439 1107
10419 20863 25387
19966 15265 3325
6311 17214 13054
20415 8642 14010
7755 11196 12592
10737 5152 21633
3193 11894 6242
14640 7929 3449
2658 13424 15527
5080 18919 12302
14847 2752 9316
14532 9282 4230
9134 2484 11929
9628 10121 13095
15641 23621 21226
22562 8162 17731
18023 8368 4365
21911 16685 2655
17737 950 14225
3499 12748 11222
17723 4113 1068
1282 14846 21172
9213 14934 9485
1617 12602 1580
13583 20262 18937
10334 19869 4864
4235 10980 11855
8033 1010 19543
7748 2787 13413
13141 745 10364
21924 4602 6087
19269 24893 6280
17617 7044 22709
9741 25311 14463
9975 25244 17831
5115 10108 16411
4620 23434 15025
9686 7173 1434
9302 19032 23415
4808 4253 23789
975 14531 11812
2245 22756 7826
12052 9951 11603
11721 5765 17131
2941 15320 8943
7280 18876 4463
6269 1708 14465
22189 13818 17991
20661 13487 23732
9423 5678 21899
14702 11065 11168
12476 301 16519
4864 4899 192
20335 7540 19786
3307 20242 12069
14397 6127 6605
19253 11627 4218
1877 13415 15243
21654 22995 21461
13885 11824 5489
4185 13896 10693
12461 9726 20994
24414 25366 17892
5933 14158 5369
22610 938 1635
6709 9543 2458
5905 2171 9428
23560 6157 6754
2019 24229 10026
14036 19503 25220
4378 3415 11741
21698 10353 17488
25005 2058 15516
9344 4450 4715
1666 13769 14600
11139 16810 20219
14826 15505 14060
20566 11715 99
5391 12228 25327
9554 8587 24422
752 15864 16872
8795 19481 17059
8555 18192 2860
11949 14662 5286
1147 13350 21938
17458 15566 16793
18670 15613 73
17859 10305 9486
16191 9838 18882
24724 8683 13909
11336 20300 1521
2655 11931 1270
15797 4358 10087
22733 20715 25112
24071 16728 10068
1767 3490 24271
3636 12356 4790
24684 1351 16031
7110 13640 22213
15936 7103 8450
714 8605 4528
15412 21299 3916
7338 4963 11854
15734 24881 15754
21013 20935 24207
19771 19140 22878
20679 25156 1952
20283 13067 23297
23999 6213 2122
5399 4928 17613
2138 16692 3412
12537 5283 16593
11263 23862 9337
20528 1465 15065
21782 5825 4931
2882 23760 12767
9389 18035 7143
9050 1871 13275
7234 12826 9527
6768 16927 24342
18646 11071 12707
2830 13276 24412
8058 12365 733
21525 22664 22686
8173 3528 17676
20066 13176 15694
19022 1538 21423
24575 23537 16295
17418 7204 11980
2437 4625 18062
399 11575 11298
20355 23336 1138
14091 2453 23715
2881 12566 12626
1696 15662 21705
3202 3286 20964
14741 24143 10958
10927 3376 2609
11988 8105 13221
8399 11321 25337
554 14110 2007
9783 11978 5198
4288 8378 12359
3042 11435 686
19205 16671 9892
4043 19890 7340
4592 17385 15906
9328 17200 1791
21882 17133 166
21448 8418 5571
5743 9113 19365
15932 17938 10493
10973 10262 11103
19288 13949 3572
7079 9372 15193
20816 19630 0
15749 3914 12338
534 20843 3752
14760 15279 12249
10476 13372 14292
15051 18558 2238
4278 17738 19946
15378 19443 7128
21294 7926 20838
22263 9685 17866
5493 10461 22818
1890 8415 22348
12427 19020 533
2206 15216 15314
17192 17700 23052
13058 2646 23087
9324 14312 20724
2937 24837 14367
7822 14060 18625
17807 12323 1373
24397 1438 10871
68 15393 19117
12356 14409 2147
15801 20621 19810
24994 19653 20266
130 15804 14666
24853 22502 8367
16556 12016 10240
15951 22901 13903
21320 1019 22083
23420 72 12747
14324 22168 10807
5150 335 24964
14398 5654 5539
21972 5162 21353
18410 14738 3504
21575 23828 514
21047 15025 12494
24117 22345 2835
21212 23889 12200
18781 24384 17337
12034 23464 18550
18144 15829 9301
16290 1389 9387
23672 7720 17687
5963 10586 24690
14270 24640 16965
9317 3125 7191
7665 6815 14698
20197 3395 23538
7545 7860 22860
730 16098 18018
23719 4760 11910
2380 5791 7313
19547 378 20133
5762 11028 12051
3605 3187 19573
11889 14488 4293
11656 7341 5631
23507 18461 9916
24974 9361 310
20115 6631 14129
21671 2390 1257
11484 21178 22994
4098 6241 16912
24768 592 19000
15396 1578 13206
24337 19654 18195
2898 20369 9096
14961 21406 5008
19699 6848 15504
23846 21556 4318
20080 18430 19303
24288 16635 6066
3355 16755 20377
3809 974 16716
21635 16127 4593
10947 4470 24204
691 6450 18736
11824 8496 2268
11760 870 11113
12174 6349 3632
17145 19501 16833
6472 10082 24813
1502 6391 14919
21464 22378 6043
2571 22414 20418
10342 10693 17911
10059 6018 14056
9652 19580 15751
20175 3926 20950
4516 13986 2720
12078 5644 23174
24852 18217 21964
4427 1623 22935
5000 1963 8656
10544 2404 9692
24516 13663 2569
19047 19648 3107
24482 22443 1426
21999 12276 2342
8497 25386 20499
14072 12551 25357
9453 4551 8409
4926 3822 10275
260 210 10469
6299 20958 2524
16719 24347 7888
5381 22542 2743
22140 5397 9270
9905 2230 6532
18312 15420 18355
7030 3436 13156
22274 4384 12604
15710 4031 4953
6867 12206 1494
20854 5056 3146
22727 4840 7912
11881 14414 18576
15677 15620 13175
23405 18343 4898
23279 10050 1181
13569 3169 19162
7956 8703 20789
6482 7152 14639
6616 8777 24843
6991 7269 11343
18980 3085 11970
15841 8907 588
1090 14771 6487
2974 18595 453
17216 2377 19412
6780 1666 8529
19116 16394 6870
8741 8730 14599
10421 19683 14016
981 18586 12375
22579 17013 21110
4935 3342 7979
1409 17559 20642
16924 11273 14498
9831 11657 21422
18228 13025 11329
10606 13190 7967
3122 11919 22534
3581 644 23909
16241 10624 21546
7700 23059 12404
13364 8255 18938
13616 11492 16559
19029 23587 13973
5683 17841 15174
4884 10128 8006
4007 23379 4963
12748 5520 8728
12983 11613 3289
5307 23661 10976
4539 18258 23681
5678 545 21865
16205 8928 7530
25199 11532 18812
18236 21836 15599
355 14359 11308
23103 22889 17031
15477 8055 7039
8740 22045 12730
20963 20203 18966
11802 7669 21527
12517 10383 17090
7924 12763 17973
1805 23398 19404
22217 2275 2885
23400 5048 5994
20404 1511 12103
160 21006 25069
15522 2410 24403
2726 15649 12147
1535 23164 785
12311 17876 13579
1962 20311 20077
19896 18799 7425
5388 15988 3499
2290 1833 22256
3409 2345 11121
4608 9586 25398
4663 14378 4778
11515 19974 8572
24181 5370 1758
20909 14355 7925
20747 3728 835
9016 21678 320
1007 15852 13866
2008 17172 2995
20945 8962 3038
18529 9398 6671
10234 14354 13490
13561 25306 24589
15563 17091 10076
11016 4931 14172
25122 13494 11791
4186 11682 5247
21753 19598 18436
14434 4693 23255
7858 3899 13000
5476 21741 8632
23645 18782 19649
11688 1195 2781
6622 13479 10053
10187 23975 14965
16804 24274 13334
13108 9578 24297
16621 20468 20559
15117 20965 20840
801 24277 22316
13471 12003 6476
4771 3763 1996
22481 5008 4971
21400 16019 11526
14001 16675 16553
17025 22073 12564
1149 20531 22599
11107 14887 21152
23880 15168 13943
22744 17761 20936
5950 20587 23119
22113 19783 3813
15267 5496 15671
20467 21234 19273
14727 22834 9101
17174 23716 15349
6895 21789 11012
13144 6197 16057
5715 18818 5309
23335 23289 4255
8826 11631 4101
6941 1890 7458
12221 24130 10430
10148 24470 20998
15757 19300 24606
1716 21790 385
15887 12914 22507
5282 24737 20087
24245 24976 11705
10065 20504 19745
19748 7194 17244
8704 1573 131
25222 4866 286
9031 21672 2789
24212 271 12471
7439 12625 1818
150 11766 943
15987 8965 15269
4334 21597 24409
5937 17586 13381
8083 23500 18081
21590 11411 8708
25165 3961 22122
11419 9954 7507
22318 12640 8663
16997 12388 23608
5199 16813 4181
10250 20857 1469
7055 21367 9645
6093 18746 13681
17903 6892 18747
959 3321 5572
21687 25277 12845
6276 21647 11952
13819 3848 25048
24650 12231 10043
14611 20472 9172
16900 18543 1710
21254 12092 11061
15438 21674 10263
5874 18083 11682
20157 23191 14388
1050 21539 18135
23123 917 12704
7326 4791 15299
11940 22630 5414
17782 23627 13027
19693 5133 350
80 2038 13845
5505 681 2939
4454 7643 6207
22847 21065 14147
13960 9729 1177
21832 18861 6253
17258 20093 11435
23371 2316 17928
10289 1271 15128
23795 9609 13646
18330 21074 24407
15236 7970 21026
13507 22770 14845
12378 6306 20288
22357 3363 16102
15088 25020 33
7244 9727 11471
10311 4583 24731
11304 12873 21055
24347 13613 17167
22530 17808 10854
21809 17903 15343
6570 18280 17282
14259 10527 3776
20364 9935 16567
497 6671 19046
20534 19119 5463
2986 5320 3192
3842 6588 10774
16432 17140 13929
6057 23710 5588
16506 3195 3735
16728 21332 15861
8168 14712 21287
14357 2538 15306
10266 24629 17524
10132 6399 21806
12172 19922 10733
6396 11855 9128
49 3056 20448
21490 10107 8610
7445 7069 5855
23033 1316 6781
13547 4065 4832
24405 9023 17889
2230 8342 6956
18891 24391 20468
24914 18520 15638
8347 6933 5376
11362 1127 7223
16475 14805 15483
15828 18829 9024
7941 25322 944
12093 15530 13119
9238 12782 20037
18813 17579 24229
23440 19749 2967
8117 6935 11203
5355 11245 19701
19595 550 1035
7188 8923 4868
6001 18472 15901
13066 4436 25300
2332 7576 13203
5478 16581 1617
9879 12187 24772
503 15544 9968
2804 10116 23739
11845 16171 4674
19181 24299 21928
21169 7314 7511
23776 3777 20281
4506 7494 3953
12587 9090 3978
13654 5302 4570
884 17642 20657
24953 19344 24717
14050 4485 3852
16034 6929 12514
21070 11533 9852
14310 18312 20745
1827 5088 6408
9176 11054 14462
14895 9175 23346
11062 5840 14275
22376 13942 18505
8272 23057 901
4144 5629 19450
10543 3 9058
12822 12451 19642
21346 15363 25354
10787 8190 11875
7550 11795 8913
22797 5871 10621
18720 24607 2383
14108 18671 8051
16810 6744 25175
5088 15749 12690
1354 25064 13793
4821 10685 6804
5029 5987 3372
2175 12455 1551
11574 19190 253
19453 2573 1877
15540 155 22744
2640 21717 15663
16360 4279 20518
11100 11401 4086
9162 22947 23579
21749 20570 101
22152 20243 18633
21704 3309 3473
8160 8440 10611
17648 2874 14562
21021 1927 1768
9530 11968 16107
9590 1230 1195
11363 17515 12175
1379 1137 24543
3075 17502 13267
12779 24593 23958
22825 19541 21249
17637 22264 7780
9928 20106 9566
22360 14860 9444
10815 22788 1094
14067 2837 24653
22782 3404 16231
10636 19365 23938
6984 14981 14657
2448 15438 11386
10502 4883 8506
5446 650 846
13707 5215 3341
14169 10006 9804
2687 14196 19498
2811 12920 1221
10528 20341 875
15353 11681 5727
20923 15295 19336
14257 19715 1323
12395 10769 8264
15044 1049 2197
24500 13622 17218
17975 24181 9208
16387 17316 23209
16851 19222 15553
4983 6698 21385
15659 21489 18835
13789 12044 1855
20592 1079 22960
689 13120 13983
5877 25108 7107
2839 843 20171
1752 6640 12794
14015 3556 10536
17521 23934 9770
13466 19405 17640
13276 22312 21189
5588 14245 7726
17170 7784 17030
22736 16346 4040
6793 8388 24264
8590 1740 6010
16633 18961 14784
18294 17274 7251
11617 2899 11506
22622 20042 23360
20642 21548 20327
8681 20669 4810
9996 113 24004
12672 19550 10573
21573 12336 8490
7797 22155 5835
4762 24955 23880
17319 13738 20797
5054 11238 20630
24814 18725 16552
86 25281 19474
22669 14563 7622
13238 640 5959
9737 8237 22035
24877 11873 7706
20777 16615 8000
12129 18992 17791
14882 13573 3257
9390 23126 3229
14244 19270 14398
6838 16209 656
2833 7758 12908
22703 5486 3535
3149 22710 19965
890 16571 10945
5051 24550 6973
1988 12997 18473
2850 3451 8793
17425 1287 4267
23969 25216 16784
23174 15120 18097
935 13384 9724
6031 9576 15018
23484 13145 18228
18480 3570 18865
7959 22452 2220
8334 2010 10171
5385 11098 18086
20125 7896 20749
5603 22145 19444
18233 19819 25072
21518 9611 16569
3001 12679 9891
19988 2494 5142
13636 8984 2076
2796 17437 17644
20614 18068 15066
19787 21109 11643
22070 24000 13454
3260 18963 6721
24850 10713 12839
5795 18025 2208
1921 23335 5508
10808 1874 13182
8948 21884 17602
14339 23779 9423
3486 7606 2718
12634 17351 22090
18935 20747 24513
24158 674 15715
19766 22590 3005
10113 6472 14886
439 10220 21065
9705 795 15834
7881 8292 22437
9624 9322 8315
23538 13112 19193
16095 12138 20889
15350 21201 11387
23054 24504 8863
6234 5297 13539
13135 22139 23004
19920 7465 24384
5673 20458 436
17567 190 15387
19768 18134 5771
20210 9649 10905
8245 3008 2702
7569 426 3881
9488 25129 1671
1254 15908 12944
22607 13687 14447
11184 4860 14977
15157 9161 22012
507 14886 14239
13407 20967 4545
3717 10415 17560
18453 23029 2504
13897 10853 22844
15457 18109 21685
22460 6654 12886
25156 17054 5032
19242 12582 14759
13695 12066 8332
23202 16386 13958
5547 10184 21639
2646 6453 8841
5648 10332 10211
2489 23249 6741
14198 2442 11560
16644 13517 10776
18086 14019 7874
20532 14588 607
15993 19074 17008
1444 17065 14257
3407 16479 12036
14449 825 20001
2052 20862 24098
3955 13304 10868
806 6273 776
12871 4507 3842
15732 6970 13127
21397 10551 20023
17673 22754 4652
1459 4219 15946
10642 12325 13715
19336 10533 14235
8228 18990 1070
11935 23842 8770
18128 13697 1561
19983 1786 24046
17508 896 23981
16142 35 21572
12346 22657 3363
13368 9888 18775
8640 9447 16673
24632 18382 22927
10957 12413 15651
11619 14148 10404
15600 23085 21739
14499 7421 6699
22888 6156 8473
5198 20305 24471
3383 17478 15587
15191 14649 5355
7998 11450 22274
10888 10819 17253
13861 12984 19664
22950 3773 23117
1335 18690 3199
488 10669 957
24310 22019 15799
8792 16309 21262
17369 22103 25141
23239 14511 12774
18612 1050 3589
1939 21129 18014
7402 11359 21644
1102 9474 16389
11201 6074 16219
20291 23944 20562
5625 726 464
19412 7247 18406
13264 14613 19239
13172 11081 2891
22244 14000 7450
2094 15931 16941
19862 22873 5243
3114 24677 24591
17117 11501 9441
14925 2131 11273
8357 7497 16141
16970 1942 18275
13206 6523 16738
9855 5546 885
24701 22982 14572
3921 16766 23485
10681 10493 21804
19074 16250 3218
10857 260 11296
8861 9895 22978
9498 5077 18363
15251 3240 19898
8901 17688 18715
19819 5948 2770
17672 19957 12269
15462 11491 4432
23153 21078 23838
18721 14360 13313
19936 10324 4407
9396 16703 5686
20826 19004 9531
23596 3881 9047
21130 18398 9599
16765 20670 18985
18610 7658 4617
5835 12731 24580
5146 3222 6575
1189 649 22553
7150 16397 10316
22323 3593 7277
21098 21970 5387
10384 21810 12674
21363 2663 16021
12351 2567 8282
17542 5351 8336
11216 8860 139
19671 12688 16637
15667 1179 7666
577 6101 15320
14989 4172 7763
8210 24927 4116
2150 24080 5106
3874 15081 10081
11554 6052 11981
20503 6785 16495
21069 5267 6833
20250 22158 2514
16510 4403 16074
11443 8731 16450
10021 12962 9251
6672 21443 20580
23730 4939 18172
17154 9796 22655
19871 7091 22547
12625 23737 5717
8605 3687 13817
8441 9642 18240
4091 20565 21785
13747 8541 18898
18270 18427 17409
18181 16529 25096
9257 16667 21437
8761 11141 14095
4336 22361 548
5368 20803 857
20519 1393 24073
3745 13456 435
14677 4145 23456
525 10931 14525
9816 4671 20449
8307 15483 17444
4008 19151 12447
16060 10195 985
11089 16887 21897
8993 14980 3239
13929 13610 23515
609 24030 3992
7349 16974 12481
22056 13866 22476
18775 21891 15078
5055 5607 19602
22410 4258 17182
7498 15137 4746
8123 2596 691
8520 501 17381
8450 3643 8249
3972 7991 10556
15032 7346 10112
18344 7425 12014
305 16643 5555
22141 15763 5808
24963 20142 25011
8758 7017 24139
14154 19184 16485
15491 9205 23503
18624 6567 5191
7593 1837 12914
4704 5187 20436
15272 22601 14715
13319 20310 14342
10590 12503 22785
23623 3431 25370
11059 21013 14966
13010 21506 10743
21877 8578 22137
9562 7831 3421
10457 10902 21594
6422 4310 6634
15306 15199 1928
13458 24230 5082
23171 2217 3284
25053 20561 221
24046 8815 10161
6139 16446 2703
1228 10351 19037
25044 7383 12748
16599 4192 5319
849 17493 10011
4746 17256 24666
18755 21028 16176
12924 454 18683
7448 17327 18065
6185 25220 3382
20196 9053 16528
24564 2971 1853
20431 19996 7085
17097 14457 11237
25087 3015 16277
22081 16054 19852
22970 21268 2214
6358 19148 2251
9514 6108 2069
4322 3229 6170
4496 16710 4779
14409 16268 18008
23810 4830 8789
19624 10886 3059
19137 1313 19092
14586 3825 23378
23604 20087 22239
7851 14280 8095
7370 2351 23656
1756 15704 21478
3576 5910 14401
630 16848 24910
21025 8764 1382
21722 19622 25255
8244 17611 25063
18575 23223 15790
11328 17987 9965
19384 8312 12962
21798 10907 20403
21757 8007 6322
12889 5412 22389
14582 11283 5904
12715 19658 3055
6733 4711 20665
22903 18485 9659
3678 11725 1291
16687 8469 22622
17941 21139 522
3764 20416 20529
12000 6479 7576
5760 21920 16343
2746 2622 16967
22022 22216 24187
18364 10175 24948
166 5466 6823
10395 3700 17462
3541 10547 13626
20718 3724 19572
23947 7782 6435
6525 5251 14811
18583 5195 1889
14790 21253 13751
13964 20899 3667
