709552515
709551615 709551635 709551645
709551650 709551652 709551661
709551667 709551717 709551767
709551817 709551827 709551847
709551857 709551859 709551874
709551885 709551895 709551900
709551918 709551968 709552018
709552068 709552074 709552085
709552095 709552145 709552153
709552182 709552183 709552189
709552190 709552240 709552247
709552254 709552263 709552268
709552271 709552274 709552304
709552306 709552312 709552321
709552329 709552331 709552358
709552361 709552366 709552369
709552380 709552381 709552401
709552427 709552434 709552435
709552444 709552445 709552448
709552459 709552462 709552466
709552476 709552486 709552488
709552507 709552509 709552514
