25819
11204 8241 5474
19947 16540 17340
15273 15585 22600
18317 3525 5100
25132 2539 8495
12101 11036 11008
6720 4211 18039
2266 24288 20076
5648 4814 22267
8808 12900 7054
5229 5826 10900
5492 7743 7205
15219 8691 6295
17796 12824 3180
1618 24093 11311
16347 25293 22067
3792 542 18548
1451 21781 19798
19124 21243 3344
4835 2584 23766
14986 12314 8576
3965 662 2160
8841 17958 24032
18354 23237 884
23417 3769 19318
10823 7631 3233
10724 13593 3957
15703 650 5954
19618 15695 15254
21022 24178 13923
113 24546 15190
16717 20447 15019
18924 6218 13871
14462 16215 4670
9588 17337 5737
10675 672 12971
16448 11769 17425
20423 11405 2621
22450 15996 19626
18362 5914 23808
5268 12719 16614
23664 1958 12489
3101 7614 3253
16497 13341 17719
7408 11495 2469
7798 21036 20731
25165 1222 9052
21460 14793 18589
24811 18102 3515
15929 24583 22049
10865 3708 1795
14821 441 22803
15806 19426 15608
3873 417 10919
25267 14262 18122
12496 21100 8232
13440 20108 14776
14350 16181 22485
9507 12191 15484
16092 2007 7548
14206 17206 12609
15074 951 11517
18400 24324 19819
7208 13386 20155
15790 2060 4605
18752 19034 17879
660 21208 15693
3916 3362 7887
11857 8432 16201
3671 15872 1994
2802 2466 14260
4010 11826 13531
22574 10651 7341
10658 12256 22883
12417 8360 21450
13894 950 579
17664 22535 22129
25624 10720 21875
25465 15358 605
11941 19531 10682
4007 17259 18156
12603 8395 15061
24394 20998 24186
10495 16242 20681
6984 18370 6811
17878 20876 4717
2988 2112 16657
21242 3783 14195
12933 9973 1402
1745 10699 18458
8489 21091 2398
22596 24724 6740
19743 8807 16510
14396 19607 2761
19451 24287 20784
11260 9518 14067
14595 8291 6975
10756 20225 466
5889 5983 4324
9081 1588 14463
8279 19567 18260
4103 21695 6706
8166 22661 17790
20971 12679 11623
21710 5469 15765
13849 15675 12847
24015 14551 19431
18046 23944 14600
15029 8592 13974
7336 1847 6753
4988 519 19688
1242 3446 2919
17975 12475 21326
12180 20420 23955
16531 163 17071
23435 8930 21663
24216 25295 11164
7141 22377 7397
24023 19968 2217
19031 8328 21376
2057 2918 13803
18583 10789 20878
9845 23536 909
14009 1499 18132
24153 11232 6998
3716 14609 10078
14536 5706 14391
24109 10952 2285
21050 12721 23297
19240 16828 3827
7752 16739 9179
8395 3977 9244
10221 17453 18327
12294 12363 20191
5053 3231 24532
3381 477 334
17068 9180 23400
15565 1866 6253
24060 7125 521
9624 8218 669
9007 6055 18766
12067 25318 16228
3285 17324 9422
11894 15114 10277
10633 22677 6362
9404 16807 14285
12709 24621 23223
25417 24617 8123
20455 4310 5262
22478 10559 13730
8746 16857 7963
1222 6970 18307
11738 7664 1171
17603 4846 16462
2942 4751 11653
11670 5043 5814
5444 132 16914
13732 11591 19090
16299 22881 18889
9735 22836 3681
17163 18007 2961
6067 16177 20847
20809 3160 7616
18264 1764 4142
21502 24823 481
24856 6325 1657
13881 17498 21720
17766 1157 16028
15633 6156 18916
7462 24688 5055
22058 20898 12336
13232 4996 1088
21176 13107 1906
0 1306 9791
22428 9938 19678
11510 14844 18078
10158 17841 17991
23247 673 7565
11581 20985 633
16575 20486 8732
21965 22490 10518
18687 19705 21731
24962 16190 12470
12989 17631 12613
1122 25247 20036
4981 15265 19196
13094 2068 15155
1776 21681 22968
23206 16898 12781
18721 1479 14433
24241 24523 2096
3589 4077 17456
17551 18489 9717
22763 5242 8651
6667 8830 12437
9194 6722 8107
4320 23754 14003
25110 19712 23920
3536 10739 5077
16487 22198 15763
14163 23892 9023
5767 9625 3609
5369 14398 4242
22361 9842 16082
3814 16164 2692
24189 755 19933
9903 6116 11753
7713 11876 13306
6578 9574 24280
12557 25180 7430
15381 22806 11400
2716 7320 11110
18634 22417 15908
16939 3018 13406
11383 23628 12021
18799 1260 19891
565 15259 6669
14686 24367 12893
4175 2017 217
2605 14127 10785
12026 5967 14602
25669 18850 18645
19241 20317 2796
23262 17164 14857
19090 9673 6184
18457 8973 24300
8370 11437 20583
19007 4659 5080
7246 19357 6915
16439 19156 21530
16189 8781 12295
22352 11610 21346
21916 18170 21661
21660 9888 11604
10424 13435 3961
8336 14335 7743
6249 11788 7977
4290 4542 17827
18019 24939 20753
2435 2229 14904
4791 19433 352
5181 11191 156
831 4811 24476
7577 18718 18369
19799 16537 13915
24868 21694 5041
15110 11302 7477
8796 18523 9202
24599 19989 10044
14699 23858 3729
2421 5312 16301
18587 24177 2898
19816 6943 22555
985 25008 14579
6480 14888 19038
24754 543 812
13283 3620 18054
19567 10230 9607
17730 3401 7604
19464 3436 8012
21481 12020 20653
7235 14460 18954
1280 10589 4630
23296 18145 18725
25729 19672 1607
5674 18071 21765
24024 12871 10650
8579 15824 22119
4490 23346 653
11788 21256 24138
16898 10432 14928
4249 5266 10556
23407 11645 20276
19984 12649 12379
258 20012 6397
8882 12615 5846
8611 19202 1120
22527 2361 11009
25019 7256 17201
22099 12159 6313
24613 22200 22377
2791 15419 20411
7244 19117 7292
8544 10837 8967
23782 22574 94
24138 2269 3345
74 9861 23844
17036 17943 4828
20097 9456 15696
23758 2833 21937
15336 19952 4174
10764 6884 21261
23358 8880 9405
5941 16885 4976
3745 10205 11946
25206 16797 18120
14113 11381 18881
7188 14240 3336
3182 21782 10164
10331 20054 8587
10121 16282 17203
3239 7914 16877
17120 14962 21615
11633 19633 8839
10895 22551 15552
24928 16038 12452
6924 22416 21672
3471 3830 12257
8180 19503 9750
15779 24252 19529
22981 6931 19434
16110 13066 14813
332 1591 1706
9383 11457 4202
1901 9876 2374
23953 13631 137
1347 5589 1877
235 1053 10174
17250 14770 7628
13351 22821 16992
20284 20372 263
19308 4772 18213
13588 2965 16211
18187 8565 5132
16978 17856 18624
5901 7534 21051
2298 16374 13493
8980 14763 22806
19271 4494 23607
17011 21625 6514
2097 22980 13789
21283 6900 930
6685 1526 14324
7069 7210 321
8134 4368 8493
12461 21857 22441
10427 19671 2853
24198 378 21352
25567 18854 13430
9023 10652 11609
21115 2794 15205
23846 4103 14745
16847 7448 6208
12981 17778 22007
22603 23239 12440
12015 15751 13067
17574 11820 13735
23079 8638 15727
19889 5112 10243
14361 16220 2237
19111 16776 24372
9327 22235 13973
9799 11126 5980
13446 2605 24480
24924 1744 11938
6299 23019 15814
17260 23205 6061
945 16020 15863
11131 2510 18678
2493 5990 13906
10087 14356 12491
304 14567 19653
22055 8153 22070
4402 7222 10707
1970 9833 10767
4645 14680 23108
23578 11279 21778
20340 8942 15986
23491 3719 15659
3424 6976 20320
24061 11830 5159
5567 1186 5393
13426 19386 8558
6398 8934 11176
22219 2766 9656
18838 22107 11667
10586 16445 1391
15443 6022 1033
4060 16957 20004
6084 1404 24501
7242 10869 9022
14532 10071 8993
23281 17822 18838
22682 12588 9016
13061 18341 2834
377 2486 13579
903 21166 3891
13651 18809 9101
9472 10798 23556
1285 15210 19382
1710 11380 7620
20537 5597 19774
22178 11767 17517
1079 9244 4051
17082 22778 17182
19385 5163 1356
22401 23906 14955
21619 9092 15308
3542 13850 18341
19435 15468 16059
691 6778 12564
2223 20528 3120
21591 17385 16656
22957 4081 23353
19588 24685 22535
23224 20632 18041
1631 17016 6840
4009 9292 2663
14413 17211 23648
20905 8046 1089
11306 11258 425
11226 5674 5807
21183 12112 24082
25311 21662 10519
24801 18547 4212
3133 18558 23728
8462 5162 13076
10486 22337 3546
25758 14483 13698
2096 11200 20542
5412 20209 19187
10384 12517 11435
16810 19938 346
16022 21447 4790
7067 19453 21144
11686 22340 3919
16768 206 8401
9893 5052 8255
20266 15743 16418
13869 7077 15970
3403 22290 20612
16462 19272 6578
610 21384 21197
9673 1972 7178
14050 3210 5724
4932 87 24191
20267 10392 8448
5976 9970 13356
7276 13461 5549
6335 20053 11905
25466 20253 18471
79 2334 1860
7724 12 6407
24171 23138 10742
9239 1782 15025
9575 20742 3121
23977 13958 9694
9811 7056 13835
24291 19749 10134
6787 18922 17773
12225 24807 2441
11025 9884 7393
15721 24006 7005
10934 6015 17510
21170 15722 16539
19712 14169 9051
21202 12208 20389
18179 2782 9851
13632 23994 3594
24696 25087 5035
22028 20152 17752
22783 15201 17408
24351 1830 23034
14908 11668 3815
6503 20341 16528
17957 2747 18820
17923 21491 9132
4366 17099 2568
16678 15713 22251
15599 16314 5461
3323 13522 8059
3026 8473 6644
20297 5146 12473
14687 20460 3656
21201 18764 1947
25341 8612 3335
21126 740 23668
5322 23817 3588
21769 6824 5875
9122 5747 11045
7879 7140 15936
2154 4749 5719
20733 7186 16029
16623 10278 8200
2762 20537 24224
5745 14100 21038
24471 13891 11728
12309 23170 18715
16238 18503 10719
12744 324 22314
13798 15778 10869
34 21342 15850
11787 20170 14687
23894 4517 6597
23151 820 18672
20381 21842 14612
12727 23774 16783
13656 17411 6541
15058 8537 19129
2869 8086 8949
2695 17346 21560
17767 14321 5239
19535 10109 13469
18275 1086 5347
14625 6944 15396
17555 23969 20637
8242 9220 14231
2895 10527 1220
23804 21585 14152
2513 24390 6435
12699 3112 3341
9148 7714 10644
19788 4252 11699
8050 5397 329
20624 19442 10470
16825 8180 6256
19541 25129 13287
4848 1015 11816
4715 6392 17132
18818 18964 23995
4765 3270 6616
14934 1821 19553
15967 7777 4624
15517 10357 14036
10996 20104 12720
25367 5679 19091
1033 15903 10205
15858 12916 11133
20717 23455 22906
14980 17723 5481
1857 10379 12917
12350 22822 5678
3356 10377 14500
5729 22136 1426
3029 1154 24337
7723 13499 15033
15171 20956 17860
6122 16171 24187
17698 2328 6080
11749 21482 5221
20225 12458 24241
4687 8813 899
11339 18211 7126
10803 14533 3439
1106 23204 12176
14528 24767 1288
12823 2726 9779
13750 24921 2038
18022 22611 20075
14502 20576 4958
13130 5815 1056
7387 13268 19683
1681 3660 20234
1584 21700 16366
7511 4623 8508
8010 21739 3077
7092 901 19871
20036 3740 8690
5477 15296 20111
10653 4705 5887
2649 5138 24299
10729 2868 11729
5939 24816 8408
20338 10887 18177
24656 14937 6248
24244 24147 14974
12539 15604 15130
4422 1156 294
7644 13561 4991
13984 10738 10354
10499 22251 18815
20929 11921 7509
6884 7869 15365
12676 3952 6227
24999 14722 4720
17412 7524 17100
19486 14283 20010
18875 22954 13653
555 21639 12499
21758 22818 383
14406 20932 7931
13967 16224 22904
8198 20421 7660
7957 5349 22633
7542 22878 19264
9565 13173 9464
18953 6591 4420
3854 6592 11969
3508 20057 17466
5851 23581 1482
20442 361 9444
1564 6374 9540
15475 20620 2723
21111 4924 5920
522 25106 20922
16265 20300 17249
23714 15001 23177
5522 3993 6294
19112 9727 19302
21565 4149 5454
15290 9075 3362
15882 775 23904
3623 16254 19239
15838 6093 16092
17123 6544 3964
12793 12459 10043
24422 11016 9902
6864 16657 23084
8896 7960 23837
8590 22583 764
25252 17539 14696
20663 24122 21094
3649 24048 1266
10062 24962 6812
11425 2603 961
493 49 7651
1315 22244 1568
22656 16491 4295
7154 12575 21148
3889 23481 8016
22129 24233 5918
5133 24661 21401
4960 20904 21585
13813 23163 2514
4430 12637 20994
16767 20875 2335
2182 21142 14300
25623 2395 5310
11532 2160 19366
14289 4533 7784
7774 10905 21175
10013 4339 7685
13276 19167 6937
15567 9691 7735
6435 6856 9429
8647 2854 3009
22013 4287 11530
22244 3527 12730
7032 6309 12760
18092 8911 12054
22427 12033 19781
1176 5213 21135
17651 13789 5489
10787 5430 10899
23891 5496 7226
20413 1176 17834
4495 1656 12030
5052 4196 1525
19848 710 8772
9289 5767 8450
7609 2450 23365
239 12797 205
11503 13222 6124
19002 22834 15084
1922 1150 12979
15655 17896 18506
20574 1517 22701
22886 24876 1386
10447 21812 3130
13535 16069 9589
4822 6508 24115
19924 7021 11476
4457 8861 23318
20983 4651 21212
11681 23908 4466
6369 4121 9947
21547 16971 20497
5532 9086 10779
14747 11538 7161
24191 13814 4511
15148 4570 1136
8706 25059 4529
14300 5875 22200
10258 22751 18161
11819 1382 8351
16014 711 14637
22236 20744 10421
12785 24207 24517
13680 13149 3297
158 13601 24246
7007 1445 2286
14869 10495 21838
9055 17920 16797
20148 4884 8267
4714 13753 1785
16564 6389 19731
16389 23721 9267
20053 23514 21702
6965 6188 10147
13414 5955 14058
22305 10197 15892
6020 6003 12769
17586 9999 6027
17254 17278 3412
472 6118 15770
21870 24220 15394
2638 21420 21972
17204 11092 15764
11980 11062 944
16253 14015 6766
25753 16070 1323
13490 20646 12137
20609 16345 11024
4528 13384 17258
17310 5716 19934
22622 12551 8015
18678 965 20009
11079 10312 1824
19194 21992 10212
19682 4392 23008
17479 22376 14961
15252 21042 3854
17505 3570 11122
7981 25135 21894
24124 2664 19965
15999 2485 16945
5272 6702 21553
23180 3147 10429
19167 2297 8613
19075 16909 14072
24708 5541 23507
14231 17068 22836
14752 11259 18841
16654 18584 12676
24626 9019 6842
4931 15584 2544
9024 6344 14542
13937 8965 832
16411 21479 11369
6761 16578 19069
20533 24444 13034
4656 6040 7162
14272 19240 17298
3074 6434 18988
10370 3789 15439
11128 23360 23536
1392 24584 8817
15305 9041 22351
8520 25237 2065
1062 13718 17023
427 20796 3205
23352 18418 4666
9768 9136 23389
5353 15373 3032
12093 1458 12101
4152 20217 24428
22907 22070 22783
21421 12966 2580
19354 9686 5500
3594 23890 5835
23954 14219 19850
22342 18269 20453
8432 14340 20807
1147 20657 4399
23072 16096 22077
5594 10967 17546
19094 6619 23332
1250 6456 2251
4597 10665 6179
19657 22467 22528
8005 11964 13200
20582 7404 154
8188 11693 8624
16885 17074 10161
5601 10153 12892
2823 23071 21645
23044 4041 1271
16007 593 15573
6829 19320 6381
15100 20793 12756
11704 23015 16985
4179 19799 9317
22439 8055 2177
12316 8741 14109
19060 22975 12937
7670 1702 8956
23550 22926 18128
10546 16618 4348
9678 21301 11223
23615 18344 4218
25580 16118 12542
21786 21907 15931
23799 9326 13767
13698 13922 14142
7400 3319 7245
23030 6134 16787
7412 12763 9504
20683 14829 15649
6932 15039 6725
24459 4619 6
10196 22704 18145
21398 15509 18197
18232 11583 23688
4560 1915 14647
11174 24037 19562
6156 16007 23467
10316 20652 17587
14787 11333 860
15000 8982 14047
8471 22199 5784
13012 577 7062
19663 24494 1736
5699 6763 11574
20779 13510 22247
20506 1131 8183
11035 23297 24203
2782 7501 2697
6550 10012 13153
18803 13763 7644
20503 9822 698
7077 24549 6264
10421 13294 12546
14273 21152 5586
21832 23744 4877
16454 19842 11981
21520 18314 16341
5349 3943 15533
22287 21139 12947
11458 25017 9544
9546 5607 7111
9585 23675 4747
14545 22032 5184
9437 15068 17360
18553 9551 11178
23123 7361 24379
20181 16426 17888
13306 8038 12626
14343 9660 23606
12130 16720 4200
8935 20592 8706
23442 225 8863
3188 17765 18507
2572 8502 23148
5816 2595 8904
6558 12409 14601
23535 6628 6472
7520 9422 12423
4192 4845 7849
16108 23533 21110
20107 3037 9360
7859 24221 16588
1529 10295 3578
5064 274 16683
5011 15947 17892
16158 12068 16189
18521 15156 3455
16924 17119 13120
14655 12867 15334
9583 17805 17620
5638 1609 8314
6836 23409 17593
20700 24873 21799
3870 3069 10378
19990 15610 11392
13370 7498 5627
8118 10462 15929
12904 2200 14354
4634 15631 17941
25684 7827 13619
20865 8000 17659
854 2983 15803
7377 1191 22665
20571 9553 11865
15994 1072 6173
4545 10764 16120
22031 1474 22402
6918 8135 19166
2763 8063 20341
6462 7581 19486
13173 7136 7831
25532 21948 20604
19797 12722 16256
11629 11733 16754
17372 25189 970
23950 6750 10965
23667 156 16585
12733 21927 20579
24908 725 20264
6606 6671 4557
12254 22158 3779
393 10621 8456
17599 3244 10126
22773 8505 22952
21099 20827 4863
13776 8104 24200
2675 3855 14104
19494 6262 9140
3527 3494 1020
6200 17683 20959
7184 18674 22872
23484 9800 22709
2813 4951 18178
2138 7296 13159
23103 1670 3056
10279 5101 18913
728 14666 19576
24558 14420 10322
13774 9764 20353
13216 15317 1673
12422 18897 4248
8449 9342 11619
18443 24432 16845
5494 24311 4526
2471 14297 10835
10122 13681 22330
17323 16444 16408
13755 17646 23239
19523 19073 11154
19225 18984 11292
16989 5652 24324
8529 22335 2268
9216 20947 4912
21373 15860 24061
21655 6586 22163
5090 18243 20178
16681 5037 19807
25783 12286 18861
7899 25179 23426
4509 11550 10986
9446 21548 23317
9341 18177 15270
2341 12553 21946
21759 4593 8781
3211 18176 22505
4212 2185 17679
9982 18634 9895
1496 17032 7361
12641 16376 9826
25492 2676 1995
15412 15540 1463
22718 13445 4796
24515 14635 16699
2374 5136 9432
5686 9602 14807
11891 4881 18953
7816 3893 11785
22332 3125 5636
17845 8652 23268
7294 10030 21494
7941 9495 7910
382 13034 12988
6633 8626 12343
185 2639 2141
9940 11993 10581
8315 10695 16139
22619 532 22104
15730 23289 19636
18136 19956 19460
24580 24832 4377
2554 13976 4889
18651 1352 21310
819 11182 747
24052 3450 12181
8677 9390 13249
7477 9046 6051
23152 20609 16720
14097 14391 21351
12382 1948 21459
2017 9895 17942
17506 6492 3494
1411 25228 12976
4064 21642 21344
14815 4427 5419
10960 4632 5855
13686 24313 7474
772 15554 1348
18476 632 44
23365 11163 23880
20852 19888 12822
7482 18047 13872
1810 18452 12910
23900 2369 23517
22844 13801 22657
23214 20698 11267
24316 18793 11215
17666 7618 8142
23343 22791 9998
10115 23103 4093
11982 8030 6871
13560 9285 8035
17461 2401 18415
9331 4457 22759
25061 16682 20286
16065 2936 3414
4027 17444 10246
8937 21535 14210
19921 23043 11074
12625 23549 19010
9687 6475 6771
21331 864 10847
4368 1547 11338
4891 21885 4014
22796 23159 120
22863 20115 12222
12869 16117 11652
788 14889 17471
8077 14060 10620
7625 25306 9963
23801 17133 4262
24945 17581 539
