25308
22396 18744 17643
9636 18152 13298
10257 15043 23983
24310 12918 15356
3416 4718 8853
15419 18050 21380
7052 12811 7657
24386 13767 21349
19181 19633 8740
2538 4036 5093
22668 4182 4663
9890 752 18832
4551 18959 13913
1913 5457 20247
1201 18369 19957
14183 7743 3006
16526 3417 23416
6446 15698 2779
13100 11489 20667
6158 16640 2841
5332 3159 12251
2565 20632 7355
20542 3571 10989
2765 21626 25017
15656 18660 6045
11080 7158 15702
674 13451 20765
14324 2502 23036
7350 18995 23208
12866 22553 7167
6516 15067 5383
3770 18231 5133
13027 20774 10562
2893 4579 778
7049 10710 10893
21402 12009 18649
9138 2484 24989
15273 13825 18600
13787 17786 19326
20686 14039 9023
23174 8587 15952
1436 5234 24360
15528 1294 7123
9599 2052 2392
18803 1945 5443
22363 15102 15776
2684 7473 16088
1138 7025 12536
13997 4793 5263
15096 12605 23477
4664 16981 24299
3103 24602 3439
6236 14136 4112
16941 2983 9594
12593 21278 131
17723 3893 15729
8387 43 24250
23677 1992 9701
2110 15274 17468
16011 7162 25045
6527 20906 3217
1372 6715 17771
573 23712 6341
16131 1839 13550
18139 6069 23168
20615 12215 13064
5834 22470 2836
12727 6218 21935
18576 21083 7598
8902 9364 4684
23728 5061 6285
765 226 22345
7638 14226 20581
12677 8167 6821
20939 18583 23936
15612 10485 14839
20503 15149 24029
3521 11443 4783
20114 6295 8507
2880 24572 17568
14060 18346 9399
23812 23125 7750
21122 13298 14369
8026 1100 19352
13523 15634 21081
7248 18915 21903
7103 11913 14578
24540 23840 20480
23178 4891 6221
4967 11192 7948
4390 12364 14778
10849 1258 13269
2642 8881 9969
17324 12691 14108
18622 9261 22543
10067 5583 24651
6594 19893 23356
392 9926 15856
10689 6031 8786
1042 1204 13222
20351 17676 14128
2 4705 7967
19761 16663 1137
23246 14753 4430
9701 658 9675
19511 19245 5864
17002 20002 564
7879 18706 8104
2161 12586 7170
14987 13565 8094
6762 22911 3178
9765 4934 15331
10683 5793 11335
14871 9162 6858
13106 16516 3248
22019 11307 6754
23462 16450 22022
11196 16846 9418
10668 19011 5493
6449 15824 22642
14853 23919 2418
9434 15458 20072
18966 7883 13104
6557 12284 11149
22350 6669 23285
9376 19653 20969
16079 8394 22701
17872 11351 24446
5440 6630 15846
20819 17868 22511
12486 18707 18957
160 17031 21036
9600 23560 5197
16133 2645 13086
1762 9555 28
7470 22649 21614
730 10028 19291
18885 17948 18565
12422 11496 13514
11975 22912 22174
13647 19510 16623
14142 12517 1985
7427 6263 23281
4792 17819 4127
17957 9985 24126
6949 12802 19218
21290 21623 24918
5465 22517 992
15803 8319 5480
17523 20993 3753
9344 6421 2762
19706 24459 1318
2113 12759 15528
2978 20302 6698
12488 16408 22709
21212 22641 10702
1416 3137 3396
6360 5486 12607
10059 9253 9870
23443 302 2384
4316 12116 20837
19879 21382 19279
17944 13961 24040
21963 3687 5784
9554 16301 8391
8123 19956 22291
3991 4627 22809
18472 15005 20589
6722 6552 17066
21773 17148 6477
20001 6924 24878
3384 8733 22978
11263 6802 13072
20151 8354 634
24047 812 15127
18094 22194 2988
17486 11513 6526
7823 4871 22459
12304 18807 22513
227 4758 1424
6909 16558 21303
15047 14342 11466
4933 1353 12415
2457 4532 18785
5132 12161 3692
17450 1224 20985
19415 10368 2830
13173 7502 8215
24078 23885 16220
4903 8008 19723
6263 19143 13300
13628 4130 10152
22981 24525 5591
7332 10732 8121
2542 5280 3431
10730 357 13530
4101 22184 24069
17963 3733 302
16556 22351 22430
13307 4271 9907
5562 11968 10184
10033 15544 21038
1644 16043 24732
11404 12087 10228
12580 5381 13998
610 23406 22987
10023 22693 20385
19629 16972 3447
22269 17400 24575
19647 1585 14204
24454 10453 22734
16689 15320 17560
23482 17153 11020
2511 17102 2424
10197 1886 10966
10555 6466 1124
21152 23317 17507
17669 17303 22759
2486 4469 213
10029 10747 2589
13036 19934 708
4408 9025 9103
1948 1537 21873
6051 1124 7475
8504 897 19360
2621 18853 13751
8455 4921 19495
22546 3092 19937
6678 22020 18138
7833 2671 3926
1973 23079 5160
6839 621 11998
23719 8722 4812
11622 24782 19157
22007 5170 17270
526 20482 8426
22705 124 1710
7841 6857 11947
3555 8361 17326
9470 11762 2834
23770 903 17974
3640 5340 5177
3824 22170 20641
4127 11638 10509
1254 10245 4769
18614 6713 14762
20097 3032 13773
5539 24190 9262
5027 594 17341
9864 7342 17481
13936 11237 8949
10469 14077 24569
23130 4495 17334
24217 2684 10918
1525 7545 6417
21196 1141 15869
13794 6060 15225
7595 22837 13806
24521 5747 2220
13431 14225 14247
3476 21982 23965
13556 15741 403
4985 3334 24949
16843 23545 6745
22268 10609 5532
21439 15362 18908
6299 10956 8372
4717 20155 2002
15839 13420 20605
14531 4244 3606
21578 1921 23656
5035 11027 21163
828 8168 16416
20301 16934 18394
18083 20860 21960
7144 11713 6980
21170 20238 21400
12455 15234 12647
20598 16092 22010
16281 1924 21897
920 22039 24892
17388 13742 1331
21870 18626 22103
21482 7813 18173
4160 3648 10355
9073 13373 676
12066 14931 25092
19745 3449 17993
18826 3225 23098
17174 4912 18814
10989 14255 2688
21741 1431 1226
14046 18543 5833
17686 24106 9499
4027 15928 4203
16193 10525 11301
7731 17245 11354
23957 17681 16330
19008 22214 13032
21985 20613 3788
6841 5820 16473
18055 5277 21120
21522 5082 23932
6279 20389 12585
20031 14961 11304
9274 170 12978
514 19381 11884
23024 23930 8568
4490 6980 22220
4603 1681 8289
23328 16744 487
22829 12262 1787
3702 5311 20957
182 24326 5518
18238 9505 16736
22075 5907 22880
21698 20229 4066
16160 19461 2071
23067 9848 10438
21388 5668 20022
15681 7154 8904
14176 7386 15360
10700 20359 66
22592 22226 14733
2047 20293 11116
11521 21961 10519
5016 18031 12424
24250 6388 15957
19781 6735 14702
17799 23762 16791
20285 3072 17215
16923 22871 9765
18741 4303 8459
13165 19524 24877
5743 24897 365
14743 1379 19016
19815 9800 6796
7167 12312 20936
24524 18895 1487
17851 5928 22896
13376 2008 10485
15036 22112 3545
18892 20523 21273
15723 4432 12323
5616 16573 3325
12776 18280 10808
17508 15886 1443
8659 13663 13000
7236 8919 15437
16015 14303 19113
1601 17326 6639
8312 3618 18922
21248 8872 19782
10243 16806 11075
8924 24855 9325
14620 23296 955
7244 5711 16285
1562 21956 15820
421 9105 1063
16972 11549 5892
1238 10842 3187
21588 13061 3582
22931 8705 814
14405 16913 4256
20210 24790 9817
8100 22824 9333
11036 13616 1802
19373 15549 8056
18774 8967 21998
20621 17475 7041
19908 7424 23326
10530 14559 11500
19519 24029 12180
6093 8651 24639
9991 20152 4297
23034 22719 14163
8056 18383 13149
22325 20962 10657
12243 9621 10308
4282 5127 24339
21075 12045 1564
3793 14008 18018
65 1694 14123
22519 11004 11635
15799 14371 11715
864 10624 22301
447 3549 3848
3146 17224 2495
20294 20431 4588
16527 1869 2653
1738 24486 8469
2195 19417 16039
8988 6513 15087
14630 11807 3066
21589 11684 24670
22437 17536 19707
4377 14802 14606
23429 4518 15613
9417 3302 631
5487 456 629
15672 20331 3097
9944 791 1189
9282 13480 9548
4648 21716 6558
22783 8027 20308
9813 13707 14598
17914 19716 5001
22528 24810 17228
15563 17070 23508
11675 12466 1762
18232 13241 9666
8154 12546 5419
20417 18019 24487
19403 22767 10497
23762 8502 1660
17250 18163 6235
13412 1741 4139
7175 15502 1851
6886 17914 11534
5937 18412 2249
3436 18112 8038
18257 22247 8369
15918 2186 17456
14573 21300 1100
1092 5468 11198
8576 23928 14857
14028 2410 15197
14283 16758 2021
15157 7892 7768
17563 2846 5843
452 15350 6436
18301 19213 20208
10915 24722 10412
15128 10716 25286
19958 20883 6071
19480 10350 17848
22878 11951 3645
7760 12953 14526
6638 8393 22753
9264 16079 4625
24410 14288 16557
20 22383 7078
13354 5526 8869
8012 6133 7787
7929 18220 20358
5923 18440 18183
10590 8828 13750
12824 12341 12732
312 2246 5648
12952 6894 17297
17046 17513 15954
5588 2101 6224
17273 24368 19414
6274 19040 16562
1124 20788 22689
6219 10146 17030
8703 9728 3108
12436 17374 22064
15694 7580 12091
15335 9330 23093
13965 14435 11678
6747 2731 22774
23011 9073 8817
24342 10083 9656
8427 16006 19038
9509 14408 25182
1555 13341 5718
2089 17632 3738
23216 18508 14027
23748 12879 5098
11103 2932 8167
21631 15435 4002
3870 8016 3302
2939 15173 21553
16453 20805 12161
7946 10921 24401
18060 4346 11400
4202 4866 12640
2009 18317 7210
7232 1016 17173
13477 10549 18264
19268 1163 14290
17477 16380 20434
2385 2600 493
24034 7993 16002
1479 7716 11060
13234 8275 25138
14827 23164 8526
6425 15789 20567
8960 18697 11783
10266 23160 16672
23845 18884 1265
14701 17742 1382
5884 14843 12336
20090 2281 11237
12279 19402 17400
2227 1648 4384
4434 10435 21673
4979 15588 1707
10414 6548 17547
3844 9772 4726
5515 3328 4375
18689 23069 19825
17756 6180 24172
1716 15964 14670
5067 15754 10079
18886 13900 21026
23369 17546 15779
23464 23759 13003
21343 2787 13153
16541 12403 6086
16151 6144 3898
20073 7091 17644
8771 1396 353
3579 16717 15174
14249 19074 10408
21045 4669 16312
20765 11867 12296
10322 13667 22062
633 3166 13181
15215 5012 23272
809 5700 17954
17412 20401 18030
10838 12733 21578
13058 15927 3188
10761 15395 13386
19584 22425 10606
11638 23248 10258
20655 24153 196
8272 9017 11262
7132 1474 5055
6084 19081 1567
18391 8458 15374
15693 7367 20735
20574 16730 8316
10809 7290 21240
364 12018 4164
2611 23089 2198
14239 15908 23364
13189 23466 3807
5196 21580 21710
13738 8938 24904
20931 24016 23591
13141 1477 5317
8131 15486 25267
3262 24230 18687
9517 17729 15298
22466 14584 20180
7394 10852 22592
12175 15799 17155
8739 16460 14074
17615 11775 8690
10827 20687 22252
490 15353 7865
103 3804 20312
1803 3368 6157
7794 12608 13987
17560 9304 2050
20389 14610 5013
20970 19071 19298
3267 15355 13662
17300 12650 20423
12348 2379 3139
13589 7967 23940
11333 18471 16412
13302 22933 15132
23540 3787 15399
16113 17057 15673
20974 5574 1688
12035 17985 19188
24420 7133 18326
7553 19479 16951
2838 15653 22266
20463 5307 18086
15750 8104 2620
14660 23363 23702
24140 8067 21201
8756 9413 8996
1688 17291 21744
22922 22293 12377
2310 11568 3958
8801 410 17731
14492 4070 12761
17072 21423 7899
3708 9523 21111
14154 7628 7521
16038 17237 19144
11440 218 23432
18659 22062 2974
10117 3255 13042
10624 10234 10109
14093 21707 10841
5382 16173 11861
20872 2287 19058
19630 20544 5949
19098 13920 4157
13697 4105 4501
504 9241 7249
13812 1611 5812
10212 9062 7280
24216 23436 3976
9007 11880 2432
4317 24699 4928
15433 21612 5629
21619 16829 21824
22298 11735 23196
19150 4147 20899
20117 14619 796
13662 21404 17119
23283 20939 1276
6018 8685 4515
22410 15215 23682
16412 5484 16389
2336 13179 7312
10391 17230 23310
22860 5990 0
16983 15208 3050
4052 7582 7723
8847 16139 2340
5961 21303 7431
16986 22681 15107
8293 24660 15628
12544 1470 19608
5041 12519 18865
974 6597 18219
2277 21243 2883
19935 13146 10799
16793 3582 19771
8577 19334 20252
358 10786 22503
20760 17201 21444
20806 11088 17801
18809 20439 3378
19315 11606 19403
14425 21863 19531
21004 11931 18370
19895 7266 9055
3301 4502 5426
18697 11241 25227
17070 10657 12265
4957 16064 1640
13184 21486 3854
15169 5861 18501
14450 21205 24867
3181 10964 257
20303 11838 16510
18515 21239 18348
21564 12795 19684
10422 24768 7271
22614 5619 20482
513 6759 21027
13548 1054 10487
22140 14741 250
11997 20067 7012
3360 5618 17159
1844 3925 3498
662 5180 17920
6316 18312 7401
956 3197 11824
22491 3902 11228
17633 22451 17789
3055 1395 20842
19377 23914 7372
7552 21102 25273
13856 4840 16453
4217 9461 15757
5097 507 750
20253 7621 6365
10100 21995 16988
5726 15401 12297
16889 10752 515
11759 13988 14915
10294 11391 16853
15379 22350 13340
3386 22853 12115
5785 21834 21248
12046 3019 5566
20942 7783 18460
12098 14519 24777
18165 16467 17442
24572 6814 22151
11473 13787 20632
7925 17130 8951
10139 1464 14958
5426 9886 22411
4157 11131 20526
9494 23599 6373
17210 12189 7836
6982 18806 2843
4675 2709 13632
2711 11866 23069
1019 9969 11231
19834 22167 1185
14328 9660 3289
3913 21036 24961
4878 23402 10723
8182 6967 2930
20207 3994 1915
4726 3655 6897
2424 21372 12856
3446 19273 4775
12459 8126 16734
18115 7829 2379
19733 9333 13591
24483 3517 6535
45 7303 11185
14507 9005 9898
8324 22073 12819
12713 19609 18755
21818 23856 11872
24527 24317 12473
7985 3408 21646
9169 21136 5360
19053 14877 2464
5975 10133 18542
9098 10969 13096
19738 22963 9264
4456 10676 18418
4121 24619 2151
20826 24416 830
21199 23310 8717
20168 17822 2676
2027 2518 21005
10352 102 15476
12673 10281 6316
22266 14111 11918
11581 20023 16749
5795 14874 15822
2298 22318 3458
13891 11040 13943
22123 24519 16903
11848 20418 21686
9208 19562 13709
4237 19788 16859
7297 19109 19487
18181 2021 24435
19229 24759 13114
1331 1521 4048
12509 11273 1939
6358 10892 6009
20995 19852 4367
9755 7931 8261
16679 311 23258
2723 10192 5148
18245 11404 22968
17104 12000 15002
18439 4700 13429
21915 5214 23383
4928 8957 20813
23585 13802 6923
24046 9200 9141
7538 20643 4856
14357 9591 24210
3331 15956 12800
1268 3848 20654
20416 59 8596
7844 8757 12191
9781 4305 10287
21866 682 19406
4349 22145 20143
8529 8234 18106
8971 2143 13868
23102 8629 4135
4342 2056 9382
15658 19335 5744
3957 9680 2807
13014 21992 7448
14134 16599 304
4556 12571 17781
21440 13541 19239
20345 10184 19721
13258 368 21492
10610 19833 23735
18416 22064 15041
22811 10567 8025
22667 10337 5965
5242 12427 909
1440 9165 14412
21511 24023 8607
12396 7635 12035
1156 24085 10880
13338 11773 10346
23044 9957 7099
19799 23551 14480
12997 13014 1020
22775 4499 20029
2770 10446 17687
23529 17127 13759
21241 7665 3373
2170 6611 16511
4883 2225 603
24172 13300 20026
11807 2446 23450
18559 2337 9306
12787 4291 1540
14371 21765 11990
6249 16330 15918
17129 6313 9148
18191 20735 20700
16773 12644 11735
16831 14914 17948
3215 22876 5241
7679 18766 872
11120 941 17354
6404 5420 23243
703 21520 9221
5277 4050 22932
19847 16014 10002
14778 9092 2245
8618 7079 24496
9028 21321 20743
136 1487 4335
5680 18063 23992
6811 24711 5839
2713 13102 15257
15945 869 5126
21164 6097 1835
11070 8324 3195
15973 12402 21521
5348 6342 11599
6420 5870 24592
20064 22979 11564
16256 23956 1514
5405 19270 18077
11879 7499 22866
7187 17361 19442
13574 19854 15994
5305 9152 19267
22061 22704 2524
23912 16027 1611
3007 9614 6240
21810 16980 23263
23400 3741 13820
12871 19494 13011
14197 19651 15492
22226 20584 10758
4515 984 12496
15256 24141 19341
4733 21810 4958
17676 24710 2296
1881 14500 441
6201 21342 19913
16855 14688 7770
191 24779 23282
9325 20201 20006
768 20839 12894
673 22219 5674
23093 23367 16814
11928 2553 10571
17348 22509 9671
16785 23699 20891
21339 16169 9266
15990 18988 19572
22755 13349 6597
15093 7152 14871
1867 2767 4881
7715 12042 13863
11699 23200 8320
3592 18579 15574
21993 9066 83
24016 23969 16689
4835 10406 20963
9820 17106 9743
14990 7069 21787
18089 19974 9829
17016 21130 1340
15479 6255 11076
9216 22789 14313
5847 5064 2713
19681 6586 20487
15211 21237 171
21675 552 16176
12391 12774 6997
3748 7195 22608
22968 9129 17201
19129 23666 16240
11327 19765 4770
19549 5140 7108
15830 24389 12076
16323 12867 4478
1161 260 16981
11149 23023 6950
10148 8956 11319
23343 19468 17361
20886 1800 16554
19335 22589 15595
18128 14664 24902
14938 3972 17574
11541 24275 16863
14906 23499 24704
9729 2734 14392
5163 19827 16248
2255 4226 1774
16242 14466 16237
17209 15757 21858
16641 20089 25137
8744 18930 19650
11236 17002 10839
17249 13273 2227
16737 2832 2745
24122 15800 11669
2008 20987 3420
2550 4981 7489
4312 12354 6673
9800 14657 19102
19460 16219 14643
10512 21553 3888
5706 1095 4215
12099 21911 7595
24289 20765 13474
7091 10652 14371
22258 8647 10215
15879 8673 21130
11370 13582 24523
24149 9414 19053
9046 493 8644
6301 844 18060
15301 14186 22374
11548 8545 5316
11296 21590 23866
16479 12470 11112
269 10455 16360
4398 14208 1719
12127 23770 17586
20076 11170 17095
11728 847 17526
8107 3495 16303
7010 22886 20372
22723 3837 25206
10854 2887 2553
23667 21458 6124
12978 2975 23911
4754 24043 22827
9927 1775 9177
11925 10428 21397
17602 12637 14452
10959 5500 23612
1783 13862 22912
16588 1560 24821
17516 20741 23550
6135 10662 7551
5249 24648 18301
23420 7684 19867
12208 18177 759
909 8441 10370
16595 11738 18715
19974 24922 11445
20810 16286 23120
23633 17440 8378
11305 10040 9453
22958 23816 16149
3376 10297 20120
1058 7872 9923
16277 20597 15371
8542 22069 14823
10889 3710 10034
6468 11216 6174
7519 14715 539
11219 20284 18366
4794 16337 5280
1924 13210 14540
23892 15857 24083
8772 8196 14350
11217 15119 7633
4592 19702 9804
11849 21806 4326
8396 22616 1899
9512 10805 9705
21862 1312 18519
18933 5941 16137
22189 16258 21189
11785 16519 7502
8229 16866 8897
2818 2528 17879
9190 895 6650
17805 13520 22538
9381 21659 15562
5637 19317 23782
23953 2303 13889
18241 7331 4556
12084 2044 12216
1289 7240 6928
8346 17591 23822
24612 713 16129
18870 8795 7680
12903 20111 12689
20711 14164 12934
6787 16507 19986
12629 8591 2106
18350 8838 22811
10120 3481 5909
22619 12824 18993
23758 13135 20278
23202 19179 17608
23612 23633 16598
18006 4392 14274
3664 21157 7980
21120 16706 8384
19271 10111 9621
8862 10356 10649
