25363
5050 9299 19089
4224 19391 3833
13659 4113 22336
23834 21275 12504
10594 8897 24954
25264 2552 934
12764 561 2469
5615 6042 5568
16083 9042 5358
23619 15863 18410
17489 20525 19083
7565 3306 23439
16152 7523 9991
23028 11439 15060
7181 21836 17091
1309 2926 5458
9766 2339 19034
2748 4536 739
15266 19175 12755
6040 9379 6166
8571 721 287
21557 14900 10105
510 15478 19419
12805 20172 23584
52 850 18001
18085 19635 16170
15665 17745 15108
23338 20295 13586
20005 1729 17838
1070 23803 19123
17307 13625 22896
8386 23229 8960
5295 12051 21930
24813 4486 22572
21710 24497 24872
12225 16289 3302
23812 13366 18631
1426 22371 23947
19530 3000 1019
20590 15584 3740
15165 10282 7433
24018 24623 604
17923 24059 16617
194 651 20708
18869 6128 25017
1082 7269 22672
17168 24639 2812
216 18542 22210
11052 11868 11219
3075 6584 19393
18559 24375 24104
21003 9359 10986
10097 21679 4996
17067 9649 8240
2691 6305 16602
25203 22208 15787
19824 2914 6116
6161 21865 3868
24301 7623 16442
11346 12540 22326
8525 18894 1050
2618 16330 5387
2442 11327 9560
14118 7576 14719
7953 16562 18006
15080 2378 16693
7016 13268 22380
6933 8847 20400
24669 23250 25100
8732 11706 2929
9421 3109 9314
22778 7747 3846
2078 17003 10187
5733 22396 2658
12342 12883 13869
6052 10917 9657
12419 5404 2535
5064 25041 4842
1845 4599 12053
12382 6709 20747
20059 2087 22763
6603 20330 20326
4236 12076 24537
7113 8328 23545
22764 16905 21183
4527 21521 12253
6920 22792 1898
12251 16187 8117
11186 22848 18154
724 7407 18434
8963 9590 3670
14916 18259 4907
11333 12168 5834
5553 622 17111
291 17460 16519
24903 2756 2890
4828 18057 23777
19413 270 15128
18328 6623 5312
10629 14465 23937
23552 2499 19701
25349 6764 9450
11684 18216 219
13625 3132 7904
20340 19384 22812
789 7273 16480
16900 14026 10692
10551 24682 15239
16256 24131 20553
16920 22956 21965
10206 17908 9945
815 11478 14261
939 3843 23384
10403 18033 10631
12057 7379 3345
13689 5920 5135
11446 59 8063
23668 5517 18755
9930 14124 6689
21617 4064 16422
10261 584 17919
5181 17538 9676
7663 16606 2214
2994 14395 15424
14709 12546 4281
20121 20421 14988
10947 14639 13674
13832 9857 6378
13638 3071 23089
3135 4972 9516
458 20789 3247
19148 11953 20294
10284 23294 607
13934 21236 10275
14346 14049 2547
16476 14667 16916
18259 4331 9194
7876 7896 15159
8407 15303 14323
16688 9564 12898
4594 8637 7943
14354 17364 9209
3178 12521 25024
8122 20035 14212
9077 10361 548
8071 16188 7864
17703 16386 13369
5978 1634 16128
9573 18789 22471
19103 19148 24980
12627 8817 14769
10338 8413 21161
5158 9953 24201
6755 7942 6482
10719 2307 7949
1171 16336 24460
3276 25067 12278
13084 22314 2954
23290 11711 5638
6564 12268 7405
11582 11155 4698
18753 22489 1270
8799 1829 6240
2385 943 2247
24980 8238 5604
16307 11134 18585
9302 17925 16596
16005 6772 24731
1221 21410 9276
4328 17309 18344
24628 8508 5954
786 342 12874
21511 23059 23124
17540 14873 21933
2056 7267 12166
22584 18941 21078
12850 20440 9288
16520 298 13938
18793 4413 2340
3003 6562 8683
398 4974 20219
15143 8383 5385
71 24827 492
19438 21977 6088
17840 18189 12331
10279 16252 6042
23127 2388 9168
10911 7599 1405
99 11781 10853
24131 18807 17689
21805 16738 2108
2662 18725 15437
4762 12760 20586
21320 3607 20675
13905 7665 14452
19294 13114 23336
3548 18325 21899
8581 8992 7043
9743 15548 15031
10974 6793 7279
6943 12934 24987
23186 17943 24510
9018 24868 21274
15821 13085 11397
22410 19937 8718
21651 12926 7866
17628 15819 24813
9005 11187 3543
21050 8598 1317
7728 8804 2862
9957 9039 11860
12299 15106 15880
5868 20483 3914
6734 19899 20355
2335 1777 7930
4009 15002 13485
15262 9048 19676
16101 19241 23515
17052 13869 13819
5658 14554 14256
466 6994 10350
19485 12450 7532
4715 899 18362
9207 1141 5943
3016 4786 6133
16205 12939 9366
16372 20248 14137
3950 10805 311
9514 7819 11844
7218 23188 6445
9881 21153 7820
14730 7060 3079
4992 24304 16919
903 22622 3378
2863 14537 19135
2326 17207 19422
925 15429 8363
12374 23663 9704
15909 21334 18818
3774 24272 4045
9798 21452 10489
355 23368 19817
21452 9428 14149
18037 8972 18911
14889 13396 24338
20245 6328 171
19662 13542 5394
21742 10348 23804
13570 3044 17292
6670 11117 7365
10499 10881 7689
24722 24170 9397
24689 2970 21681
6430 21095 781
15320 1059 22172
20214 20930 8315
7836 8378 10764
2158 24963 21730
15383 9831 17698
22040 8182 23809
14378 17353 16495
17774 20964 4932
13974 19656 14342
6625 8532 15053
12285 7992 22540
10517 8679 20704
3036 8760 12215
20728 3497 2381
23412 3903 18872
21224 24935 1515
297 20647 8792
8683 6673 20205
4503 22880 6750
14678 6979 19206
6465 5721 9724
18375 9566 10050
21005 2892 6002
11365 9873 1154
13710 18290 8500
19038 5166 19729
6470 770 6100
19942 25094 15546
8190 21535 20416
17579 16180 10345
16040 10673 9400
17330 19799 7606
22532 3785 5821
13001 20677 7153
3145 17079 16331
1222 23488 16973
24346 15071 686
11070 18384 19085
15314 14014 17895
19768 12079 20415
12277 14196 174
12547 5704 10063
15691 21739 16744
21425 9692 18513
22944 5472 885
2243 5966 11647
18882 24116 8503
21543 428 1705
5858 1020 5077
14297 19959 6612
18308 20619 16988
7494 24908 8807
23618 19111 8927
8633 8143 837
9761 17185 1388
10994 16629 7648
6867 390 15047
70 17837 6978
19739 22927 14434
5368 14488 10443
16077 6839 22100
1581 4897 20853
1471 2300 6881
9539 3228 18202
18612 11130 14193
9440 17589 24153
20480 19471 13522
13075 20471 6975
9429 25110 10578
24221 14973 3967
19817 2819 18535
11275 15349 19557
2763 1644 17038
3368 1690 11498
17157 8224 25290
15048 4710 10198
13912 18712 1197
4911 5304 21599
22441 17851 22227
1850 8733 416
22278 8959 12806
259 9514 6907
15403 2601 23825
12401 21791 19880
6134 14098 2922
24431 2630 7297
18180 5452 22577
22322 21789 25186
22955 7476 3652
12956 11764 11073
18035 10060 110
8620 6466 13426
15501 17045 12597
23162 13592 5408
25166 18957 21532
4142 17437 22958
18120 4016 14287
17679 21364 6825
17335 22137 14381
15443 22010 13220
11005 11405 20657
9485 20588 6312
15733 21950 21129
3860 5436 24162
16322 9791 17538
18274 4193 11442
2421 19481 23595
23671 12806 10196
14862 2531 1593
13833 16456 17650
5472 11262 1231
17997 9077 5812
8490 4415 21407
1854 17268 3138
14645 16546 22610
17709 17259 9226
19851 22356 23486
10697 5272 2139
21288 12438 22391
11789 18389 12585
19018 24557 17145
9054 2902 28
18447 680 24248
22714 11567 22829
23229 11085 18299
18960 14313 3211
20268 19986 5678
24567 8516 21789
8753 10421 18474
13299 6060 15260
7213 7840 21087
4791 12139 21648
5136 11282 21027
5763 5802 19940
12228 17950 5558
13470 23385 8280
11555 11056 18142
7235 4420 2070
19970 21620 1520
23901 7527 11028
7094 17048 6946
3657 20208 15024
21049 8282 16253
5082 14495 18829
6850 11388 10663
10032 14555 16895
15782 19092 15291
17577 19647 13193
19006 3465 2431
17669 2533 14599
12999 17695 5456
24854 9254 23654
4494 21172 1667
20196 12481 1615
4661 2109 22019
21158 2885 7200
9767 23584 3558
1137 19284 3904
14001 22381 5109
2088 3561 11117
4628 17570 24764
19726 1183 13244
7996 1286 17781
9136 7308 4488
1253 22576 5591
8446 9153 5272
21087 14939 4694
22913 1363 13751
10329 23040 19840
11872 22417 23067
16652 11617 9927
2901 1309 3956
21984 6969 8078
14468 18762 297
23601 10793 21059
2958 4394 211
9427 15195 8460
3095 2626 18937
20841 16086 6784
2114 9622 7022
2095 7092 22916
10794 14221 12314
3939 14054 9731
21181 8566 17737
24157 7329 20093
21254 18100 16688
14513 5996 13394
19872 20444 18222
5903 2962 747
12528 7680 14518
3344 5190 19607
7138 12074 12956
4025 6563 25238
23719 5886 4567
12971 5322 11637
6382 14110 20974
19099 974 4194
13411 15711 11735
7275 2413 23218
22232 23712 20787
25015 14121 2361
2820 19527 12199
15557 4668 15746
2483 2688 20018
11756 10833 2220
20470 13162 15668
8337 10701 15298
24525 24400 4614
1964 6868 10317
11510 1876 13772
6495 8896 12004
23925 16219 2205
13038 3966 11323
12625 2069 11238
15628 11031 3705
17911 12011 11915
5929 3525 21549
22234 161 3660
5346 18852 1713
169 6106 10977
20374 14688 23873
17940 11936 449
14996 5977 1466
20705 11228 14002
13113 15772 17821
5258 5127 8150
17099 9138 6715
2558 2196 3417
8921 5486 16896
18376 498 20480
16624 10238 4725
22572 16553 23626
18838 21050 624
2963 15752 1454
1039 20380 21937
11955 22164 14078
15851 20469 10805
16738 9928 14711
11650 5684 15926
6879 13621 4649
7292 20593 3616
20091 17642 1650
16567 8701 3751
2283 23447 10920
16131 2798 5940
2199 23116 1106
11144 24872 17422
20390 16320 4141
22538 21226 15137
16746 19841 21370
14337 23119 11881
17952 4208 18129
22444 24374 14539
1907 11899 263
16235 19250 17350
24389 16855 23980
17667 210 18682
11229 15905 505
12669 16427 21571
20950 22821 4608
11747 825 6598
19071 13972 1802
23355 8766 17792
16863 4630 12715
25218 12666 15085
9416 16147 24032
8295 7471 17683
16429 11460 23331
4740 20077 24066
2704 20812 19461
23095 20960 18859
17444 14436 13279
4370 3210 16546
23454 9880 10029
19619 21578 17752
20308 4875 3513
1537 14896 3107
10077 15515 17585
15493 8513 1367
9369 3809 15972
10166 12203 20060
22215 10195 20165
11594 14139 5040
8703 21641 24586
23060 1442 11490
743 20308 10400
20520 9314 18336
19778 2666 5871
25114 18744 17555
9697 21966 2960
18368 14309 2996
16584 17818 88
16674 13664 14952
22868 15816 14918
25222 9877 15173
21135 11108 11380
21141 23681 11394
2807 924 20548
15678 5839 24426
16591 1437 20126
25180 20775 5173
20147 13711 4979
17276 23426 15212
3615 17843 2290
17877 22412 1851
13978 11846 17953
20669 15150 4032
17326 21043 1798
6977 12028 482
639 20150 21985
14111 6750 11685
10460 19426 8853
21365 11343 12124
20874 4366 4748
16546 20536 18094
4696 11719 16686
21239 5535 8026
24053 15006 15837
6715 3737 14693
1920 1121 6658
24086 4569 18049
14818 4229 16103
25345 14622 13022
3749 4936 17243
17606 2728 24195
7007 3161 14048
7896 19386 17613
16835 7072 19912
18805 18579 3793
10574 7428 22852
22167 12385 5888
1819 18340 20178
3407 22532 58
10598 17463 1135
11639 11566 5972
9512 19010 1072
12695 16931 23377
15452 513 11608
565 4803 3465
22012 24685 7479
593 10391 6871
9126 12632 24183
445 2619 24621
6454 11818 7851
9050 25122 23443
10640 776 2168
21656 13469 17202
11443 12096 17118
10842 21642 6290
7305 17778 24383
5214 14575 4422
10747 14897 18969
9364 21996 9773
14381 24866 15330
12206 19711 8001
13434 11432 14688
16396 24595 13016
13847 16885 10855
22580 15434 3273
19364 19214 20859
5802 1812 16044
7483 18 8388
11405 2022 9545
6007 21529 11201
21692 16278 4878
2583 15264 15338
14632 2837 3063
8008 4224 7807
21604 8482 25241
10646 6430 4445
1775 23849 6579
8523 17583 2596
14028 22656 24684
22122 19040 21227
2048 20550 9894
12586 13737 22802
9626 21306 17264
7109 6699 8553
18703 9471 9364
4444 21033 2198
18588 7808 2780
11580 3349 8456
1601 7219 25016
6218 21272 4368
12926 12595 3445
24586 10460 5188
11113 18519 5995
2412 9344 4798
15021 254 20252
9946 10996 24640
19881 17624 3796
25179 15291 17508
5567 19991 5792
22368 3692 14994
19903 12835 17892
8097 13205 2746
21767 1241 6033
24818 2151 19639
15895 24088 9146
629 6616 9123
23038 15948 25278
980 23999 4092
24003 20894 16022
21546 3872 19876
8925 17158 17083
15579 10470 8231
20903 14380 13154
7702 14175 18718
23197 14737 11527
21475 3053 7078
8238 10904 2468
22038 19544 647
6433 19459 23495
7999 14580 600
3587 671 13628
24330 9991 12692
18342 17865 19515
17423 4737 1247
13642 22266 10892
9872 23332 12552
7286 16661 17869
11911 4159 19606
18416 6546 8887
2014 9328 14675
4955 21130 23021
22986 22082 13647
3985 23617 23167
21901 18179 5531
15492 13982 16503
14282 22687 23702
19588 15979 14646
10851 5932 15702
1558 12374 3167
23279 7114 6331
15213 13115 24100
11230 19868 9115
11481 14120 6232
11 8313 11146
7645 5660 11149
13387 16806 8518
23405 20758 4607
20435 5365 12856
13782 100 20523
2296 17400 11960
13751 3340 9076
7053 15667 22284
18210 14540 15627
7107 14784 24970
146 7575 16055
21857 1593 1546
18492 13060 13433
11324 12713 2708
10300 18455 23989
15433 5652 6062
14226 7025 23660
12469 9560 16237
21822 106 2071
4286 24231 6214
16926 23455 4627
5664 17988 10236
12003 8153 11748
5686 18514 15398
4187 2944 21855
18924 14337 21964
17527 4168 9859
25360 4282 20373
5372 13764 11354
1876 12101 4566
14614 12307 8328
24667 15962 6397
18976 5582 3033
6136 20721 2309
1705 5045 3987
20030 10491 10931
19738 14261 19278
16786 17231 20898
3703 23538 4243
9294 12486 190
313 11508 14477
2909 18688 17016
357 1942 24534
6091 15918 12624
9256 3748 20995
10896 9244 22516
7524 10134 25137
20697 21011 2026
23497 1402 5627
14149 7729 19417
7956 13951 17197
23651 1463 4991
1000 12242 21960
8594 19288 12244
7509 18601 12254
602 15635 16649
10256 20104 17657
13251 18751 1630
8341 2610 16853
13842 13608 18252
23076 21722 3078
4872 18423 17340
11728 5172 13815
14180 6679 14396
24477 19067 14818
5515 18820 4530
22823 4110 19096
16735 23895 23421
11949 24430 14845
19224 24998 12632
2097 3211 19144
3823 6366 5892
2238 16495 1762
13784 23757 3844
12897 14493 9292
9593 12580 21497
6316 5030 20049
19546 24452 472
2073 19335 13742
10427 10096 8988
17943 1504 19896
17383 20691 8695
11010 8215 7798
20807 24778 18405
8773 7231 16356
24654 12347 8642
23415 24499 10524
20253 11661 24588
20243 19585 11690
11027 21802 23277
24264 23863 23912
21019 23958 12298
13185 16782 23036
20954 1078 401
16869 16061 2009
7539 8060 16824
18043 3791 74
8880 1219 9792
25089 13890 8756
24802 13318 7127
16158 23080 5211
6542 10518 14552
19187 23412 3178
1562 8451 1938
17793 13636 19979
15572 23809 22091
15547 6446 11794
4125 21143 5715
6414 22730 17577
11327 12323 15341
22933 10899 18033
13141 10411 13707
4551 10486 13874
4075 10161 10137
5133 20855 6106
7444 24512 11032
22614 19989 22543
7917 5114 11099
1353 9093 7993
24705 18468 24911
10246 13245 7562
12139 10739 8181
10413 24331 21315
5610 21222 16677
3243 18966 1495
2532 10477 1843
19823 5621 17925
22585 4842 11273
14580 3417 16382
24955 10782 21337
13897 11994 13067
19182 4504 10142
1378 10457 17003
2245 18624 13789
19680 20109 979
12258 4259 21456
10136 22774 13135
9009 13016 12989
12102 23521 19015
24482 14634 20399
7398 3367 25059
24762 22045 20941
15333 24878 733
15325 2454 345
3215 23917 19183
18152 2235 25063
7764 5418 6046
17637 23141 17365
20768 22335 8603
13579 11528 5501
12025 24204 8659
8038 7515 7332
11014 3775 2297
20138 19356 22337
1657 13522 813
12834 22246 9500
6805 2301 23259
22490 332 19380
685 12677 334
6691 5331 3826
1135 7223 19327
3908 10018 24121
706 8035 20241
10121 19661 12413
13342 21405 2640
11407 21873 21828
14074 10859 20253
24174 21945 13902
10383 5327 12608
14640 23258 5920
15051 9760 4294
6208 22976 10602
9816 16873 2001
11781 5433 17466
24913 22860 2815
3500 2163 21780
17968 24990 4683
3302 10292 14707
9502 17664 7704
4106 8920 14108
9830 10067 16192
16308 15220 7241
6266 10050 9583
5422 6189 6861
14235 2636 6316
1736 21754 6939
17002 10298 7614
13210 1387 15599
14791 16978 25236
2338 7676 2171
25182 246 5323
6990 23489 23744
9186 1985 5746
23894 13925 15531
21261 16777 22991
16297 7788 12655
9652 22088 24845
2905 3135 16742
9340 14608 4158
3188 19712 6263
9928 23023 6532
4827 4988 5475
12376 17129 11560
17229 14796 24888
1512 17550 9609
25299 13549 18124
828 8068 22716
22055 4380 18640
10243 11851 8188
24096 2383 14244
22097 1918 8187
13569 217 12374
19321 17962 8417
293 8069 13343
7717 7501 13473
1668 16701 3607
13519 13444 1108
9475 15586 22247
20558 6515 8910
8848 19785 1973
17378 3277 1986
2759 1327 12938
22607 6290 360
4080 5859 13296
20621 3943 10249
6915 10564 14069
12723 3642 11189
18654 23388 4015
21939 1333 17402
17746 16026 20607
14743 8954 15469
23518 22632 11318
15950 23760 9166
1651 8116 4329
25148 13814 20211
15994 6918 6461
106 22493 19779
24501 19900 5444
1297 18661 1334
17118 2865 24142
1103 11230 13527
14529 14056 16931
10654 6153 575
6348 4419 2776
12517 18035 14182
10020 11569 19345
5015 486 12596
14575 5235 9810
8262 16539 7491
6317 131 16303
7346 2277 7307
7376 21623 5240
3761 10584 7911
15110 6389 15822
11842 22018 10297
7786 6209 5391
8161 7146 12758
21386 9737 11623
18509 15382 22421
5172 6923 19488
3401 23637 3231
14677 17489 12404
10343 6243 2512
4212 21494 13543
5843 468 15577
3768 16667 23325
15022 15983 25221
788 10976 10384
12179 21678 16774
1619 22460 24295
10650 22400 24088
16956 9202 23192
871 24030 12461
539 21768 10741
12721 5084 20330
23872 17070 21634
24492 10630 13254
14962 11622 7752
12781 13507 15384
15351 7190 8990
5296 10926 22122
2287 12407 22046
7602 16418 20813
16675 23325 14888
20598 16218 22635
14427 15346 10167
5113 14824 8638
20217 16114 942
3451 10084 19245
13582 16244 15488
16225 24293 13983
11813 18149 12275
7264 14459 4388
9999 17808 133
5811 9073 3102
23769 12021 20854
17197 1408 17154
4412 19756 12081
20403 18823 20437
22645 21193 9033
23953 24728 13085
22677 22113 10551
7342 15025 20907
19269 21911 18782
25042 11493 21877
6521 4466 19965
11323 2412 3166
