25954
23700 5656 21722
22878 15180 4980
21368 18000 4444
6966 9534 11889
22742 16979 19395
13001 11159 20176
12426 16099 25715
192 15945 13419
6504 9217 9955
19783 20498 16818
9666 18092 1718
15916 15827 9195
1215 7790 3068
12328 9774 22423
4363 4079 19711
9760 15605 796
3507 16630 20844
24116 23868 16974
7673 18854 24222
24848 20790 24945
20687 23360 16090
10795 6727 9997
11638 22345 24372
5763 9795 23618
5805 18654 11952
23979 9041 18909
25784 9082 23976
20212 3015 24786
21825 4050 22204
14928 2582 6135
4750 11499 12613
19824 18622 12802
16234 17218 12035
22356 9358 14650
5127 10072 1006
4627 4666 13498
4071 22368 9821
12160 124 19120
847 20255 9099
13557 18455 4086
730 16438 10236
11915 7187 1440
18177 7692 24
10065 15630 9486
22373 13278 17457
5542 2693 25761
7198 9441 17152
18595 21427 17315
21901 9158 20842
19456 20694 2023
17023 1366 5263
17352 4099 15614
7458 5902 5898
12038 21295 17253
14200 24632 5394
23614 880 15479
15310 18103 1207
23916 13927 6830
20381 4866 24630
22305 840 19644
9107 6941 18836
24019 14817 25226
20091 23028 7206
4056 24314 21707
390 20870 13851
5547 12060 10026
24165 19158 24521
9931 11712 13088
21442 14855 25847
9373 23959 5797
9022 24801 25867
4642 13323 22032
22624 24218 11443
17488 24706 1022
20879 12748 12936
1881 2991 6803
2988 11911 21910
17446 17503 2024
700 1345 23499
9950 3155 22368
23259 17469 17732
17039 7319 5818
24082 14800 9835
16154 4237 17972
10336 3836 13558
24906 21281 420
548 15357 24993
11432 21051 8288
25715 19977 20562
20981 19378 17842
13439 15621 8802
22474 1577 310
3364 5196 4757
6593 14908 8222
9297 6224 13373
7735 12524 21364
6868 9330 21628
16458 17501 14667
13613 6223 22154
12599 13539 19294
15607 5707 2693
1001 23748 24809
20537 21038 9685
11471 8430 13691
18538 694 2477
12907 21999 7008
8971 8813 10193
24458 13351 23294
11159 15674 2298
19068 8364 5115
16115 24350 19467
5831 5306 21955
14435 23291 10730
17747 9067 10086
17852 531 4361
21747 9229 15360
19677 13700 20701
23945 9831 5414
1312 22864 7130
25095 23648 24564
14227 14503 20285
7604 14921 21307
2104 6900 25638
6842 3660 14509
10603 10538 16015
9829 13540 2889
20235 3590 24640
19646 10878 10326
7398 22183 13627
15547 2820 1087
21033 23393 7352
3740 19693 353
14183 22053 25530
14263 8631 3106
820 3119 24026
859 24254 7192
14735 14647 9869
6808 10930 12023
19740 3778 18848
1293 7437 23608
18714 13441 2105
7373 18003 17245
14256 25110 5108
6219 18873 3921
4236 24482 10638
8645 8435 11268
6839 12234 13462
21462 5068 7409
25714 11961 23878
24163 6851 2434
23859 700 3985
14099 8211 22279
10525 14754 23930
18647 1141 18175
23222 9286 6463
10247 395 19636
8557 3043 3122
14651 19988 9401
22016 13202 12241
15571 1877 15443
3108 12575 3131
18937 4488 2009
7909 2894 17318
2187 11038 8113
23171 10721 2636
12727 23926 2653
25076 18281 14537
9394 3286 24694
3343 12094 14959
20625 11744 17156
10255 10827 5996
11085 287 1548
2059 16258 10899
8294 4147 17178
13192 20090 13960
10163 358 1474
24183 8258 18648
8409 14563 17007
6298 8191 3670
15143 23121 21868
586 6438 20369
11335 11021 8657
12966 22427 11491
15449 4462 24594
10197 4986 14570
14841 24291 12252
9461 22468 1509
23568 15540 17673
18801 6658 17204
13910 22979 16670
2203 24862 18940
58 14743 4097
18842 13988 23160
12212 19892 1672
13099 5117 20602
2747 21152 10851
18598 11706 25589
16507 23140 17463
12649 24765 19862
7260 23709 1623
5368 12476 25239
20760 12867 263
13228 8482 8874
14949 17212 19747
3037 11139 582
505 6025 3294
15981 7735 3189
11543 4729 23556
9119 11668 17633
2880 9819 7626
23502 8704 1169
5294 10201 14716
2679 13426 25317
10405 20351 16598
23303 12043 24714
6345 5324 155
19581 17742 22541
8127 24401 13987
5416 6152 23759
8861 14330 6891
22027 10855 16494
18910 20114 9133
4399 3175 7878
22169 8787 18142
235 11934 11467
16639 22534 21804
5637 4551 2671
23188 24925 7665
21298 5709 25106
11316 23500 1268
4583 17284 128
23862 20905 18454
14664 8863 14828
2324 8155 1994
14564 21662 2128
8320 24050 10150
18583 24362 21126
22819 6494 527
21247 21111 5159
5475 20309 4886
7252 22753 700
4872 162 7619
20424 5611 6457
14819 13718 8597
5737 10647 5155
8890 21865 23205
13190 11530 7286
25810 7519 24041
16839 9109 25104
314 18233 6219
10011 3363 2294
16860 22299 10682
11685 4621 662
21714 21740 5767
14787 2851 1986
13219 19935 23133
25306 5384 21900
15318 23886 3910
3884 11830 21993
3666 5987 12053
6005 3553 7437
3591 6323 13156
14680 6980 20023
14824 19024 6440
9044 24732 16522
7632 24830 472
13419 12203 25353
11212 10228 9234
163 4770 6634
8831 2612 15029
5143 11679 22399
18046 5856 22573
6729 24900 22598
16991 4253 4825
10824 7803 14113
18685 14136 1957
17258 2930 16382
10290 13764 21676
12176 15161 18181
22517 8412 16461
12004 15144 12863
13064 4385 7451
8893 22101 4721
9159 13483 13040
21508 22796 24748
9196 22632 15879
13663 4477 4492
7868 2081 12436
13865 6214 8007
2369 17428 11707
20274 17349 538
4284 21622 6019
19994 2261 3722
17288 8666 20431
7013 19647 18257
4823 524 11541
1343 17964 20996
7202 19897 16040
19244 9793 8129
22945 25167 11626
2412 16054 9255
7990 17922 5565
9560 17791 13513
3622 17844 14422
20717 982 25061
8085 17133 17902
914 12011 1810
10105 8578 22283
4121 19347 14314
25493 16145 20878
16557 19844 1227
22269 1862 19545
14602 12359 20250
4329 22615 2775
10372 11214 16739
20487 17450 23817
24212 15074 22510
1693 2338 3768
9605 22405 1572
11791 28 17944
11928 7077 22005
21721 23305 19441
25759 11373 917
873 1060 23883
3270 619 13218
7651 17049 1758
19347 21710 25413
2084 15776 10453
5744 17317 18386
20519 3481 7720
19399 8670 7161
6329 14584 14943
23487 13095 11526
24149 8520 23745
687 24136 2913
23556 8748 22711
7924 9933 13077
20081 4278 4215
740 23425 16633
3262 10564 19684
7061 7015 24938
21464 10156 20512
8439 17087 4716
25489 13595 9916
15821 15026 23742
13908 12699 20429
10162 23158 1857
11278 13866 25919
15913 23788 25031
14478 5477 20039
6270 2266 12112
16252 18684 25126
455 22935 23104
20430 1272 19387
13345 13497 9
12493 15311 13241
24399 18984 7954
25176 2025 10687
23209 12871 4967
13753 2640 16368
5722 458 18029
8278 4951 2832
17335 12282 6470
19438 2359 21827
16258 2187 7988
11233 10258 12916
1272 23838 23041
22550 25081 5974
25830 8105 14018
14578 21833 4801
3152 8004 21603
16813 14963 11863
793 9724 1860
21118 20529 15544
134 8342 23849
17693 3317 9774
1552 4319 2142
1590 8501 21243
10628 8589 12149
20178 2974 3842
5687 14444 13656
12390 16296 13909
3425 8328 14760
5245 10215 3373
14748 15014 1107
8204 5882 9411
25531 20780 2848
24733 21418 13171
13767 791 4924
17165 14914 14188
6225 23115 17061
7935 21203 19816
6546 2970 15968
2490 526 20043
18185 11666 11308
24032 9357 25665
21318 4277 20649
14879 1250 16412
11743 381 6487
9500 20251 59
1825 4094 5471
20105 10969 11756
4012 1103 19581
1637 16035 14466
22648 4007 15572
20040 24304 6279
1512 9275 8553
4695 19286 6969
3908 12414 15052
23337 8487 25434
4085 20294 491
5970 23632 14877
7419 2064 2260
5564 7059 1924
2715 22562 16287
22788 4442 21773
9343 16886 19912
20905 8133 20221
9269 10323 15788
25149 8607 16712
14279 3851 12587
8179 9748 9645
15079 2219 25152
6275 18594 5774
18287 19492 14353
16970 15281 4895
13274 16740 870
11666 17356 19692
5008 17251 942
3408 19858 3927
18986 2091 11252
12951 10975 21938
25870 12479 5400
9706 3897 16274
7104 13012 12633
16802 19756 4350
11905 9667 1377
4601 22884 17399
13376 14460 8953
185 19058 24042
24452 3733 13804
6659 17797 2403
9981 22677 1264
9266 16647 5517
17072 24974 20785
15526 18772 21772
13409 12427 4532
21257 19796 6966
15567 15898 5029
16 3410 14417
23608 1741 25220
16745 1950 463
10548 15238 12897
18676 211 23465
7808 4580 22768
21022 22988 8961
19183 20613 8844
17799 6749 11850
17785 11269 6426
24004 9973 25921
4734 21246 19942
19723 24598 4069
5669 9900 23142
6820 22007 17713
4425 20444 1146
14543 12375 22226
23068 19431 9378
3177 19403 21845
11061 12332 19792
13384 21596 9930
2298 1225 25387
18467 3095 23691
12259 51 23253
23126 22842 5657
10917 3876 7052
21847 10009 21148
13810 19359 18329
10661 6787 22843
24984 4799 13251
4538 14158 12552
22084 19388 3337
259 7776 708
5045 17488 14276
15200 23381 5327
6062 384 4310
20584 19148 13763
8929 9708 8438
462 13784 6370
5083 10289 3798
15776 10346 18092
12067 5319 17339
12113 23208 1330
17645 3935 9051
22572 9532 15394
13703 11334 3587
24305 17843 18554
22120 2968 21517
24243 13592 21469
12789 9717 7831
2246 9788 12066
25362 21208 8716
749 8075 8178
24652 12516 20326
15407 21042 15502
16399 1262 9569
22316 13581 5068
11022 16178 5179
23782 10310 8989
5167 6200 17552
23664 21214 626
10713 24875 9451
25572 23141 24449
19538 7600 18471
4965 16190 5942
15279 16989 3037
17822 15551 11677
6119 12845 3641
8617 21395 9493
5218 16804 25034
15955 13801 1887
15329 1823 18361
25125 16370 6320
1795 9611 10294
23760 17142 5851
14042 494 3701
14063 5000 22055
1253 5164 17260
13975 18170 8856
8695 14215 24663
3606 24766 11936
13294 13242 19033
24808 23751 7178
17475 5949 16642
11200 12973 15261
15656 19191 15179
5795 16058 5169
10594 5525 20799
8 19650 11590
22735 5567 1502
24842 15370 18934
5790 15710 3234
15772 572 5265
3898 10490 22365
3896 16209 21953
10246 23065 5281
25808 8992 2053
10015 24088 10246
12208 16583 23879
15103 19102 18137
19108 11399 18
21682 7101 19287
15539 7913 25839
7981 24174 146
23654 2441 21459
20807 3246 1913
6207 2482 8691
15382 16848 23529
20865 8375 24680
25660 14072 9759
14083 3625 15486
12043 4016 9804
16440 6616 6598
2861 1186 21046
18518 1110 8637
8158 4739 15190
18371 17713 1601
13952 5828 2173
9987 1538 18305
12365 4525 5873
21416 22443 2377
317 7569 32
6701 8082 8049
16941 14114 3008
1093 10607 24162
3121 15756 23010
15872 439 18677
10072 2320 20916
8244 6924 7686
19195 12316 4180
13309 16502 17106
2538 22087 226
19500 1849 24483
10947 17779 17513
14305 271 23425
15485 9207 16540
1969 24891 10990
16038 6805 7546
11584 1218 960
3836 20607 10249
5909 24677 6920
16322 14326 16147
4775 5283 15305
25188 23289 4534
7818 22006 18504
13507 11711 3988
8360 529 19139
14345 21392 9521
11819 18203 10348
344 24870 2962
9062 16842 23208
13998 13794 17589
4241 16137 10043
14393 12405 12821
9719 22581 11211
18761 15887 11085
23820 1565 8480
17368 19273 20138
5331 10296 14057
16662 3231 17279
22690 7478 5033
10883 25023 20478
9414 3818 2742
9634 14944 24857
25425 11645 1387
2795 6278 24889
22055 17656 8327
4208 9562 3161
24527 9333 19996
2919 3338 24074
15175 17851 5632
3946 23571 18430
24500 20752 23907
19416 5448 106
14206 8962 15119
23925 8717 25132
24355 2788 14094
296 22644 21065
9235 23598 15745
20258 3970 14260
7567 2521 13945
6193 6813 2114
5529 20406 23281
22422 21557 1215
25811 24558 10699
17812 14285 14559
19924 5786 10395
15135 12613 13648
1686 4907 15353
14472 17592 17333
8355 16907 6656
1443 21952 24976
1090 8280 11674
21226 18362 20699
19751 74 14569
22993 20202 470
5741 13360 7781
25606 6359 14375
4770 5740 4919
16739 8030 18983
2131 17525 10940
18327 748 6699
1303 7145 5758
1871 14174 15691
2850 10787 12905
15527 21913 6707
3296 16327 6535
14637 19898 2246
1622 18736 5312
23540 6229 780
19933 4816 16581
13046 20810 4698
5026 6406 12182
17559 5252 7761
2630 14713 23371
7582 6534 9111
12470 14619 15816
17723 19242 17037
2825 14988 24539
13481 11869 6344
3081 22591 5695
6476 9509 5366
24623 12021 19091
7705 20552 9165
2459 19327 6719
3804 675 15273
23621 11812 25766
18143 2951 4852
11281 7377 18604
17887 2246 11272
20344 16828 11174
21470 15435 7371
25323 13915 19506
7491 21699 17802
16698 24964 8761
8747 24245 22112
6019 13969 2062
7309 3456 20518
16189 11232 5520
15033 282 19226
22216 12126 14141
15824 18060 13325
20438 23836 10404
11109 16978 10588
16752 4769 16194
619 4005 11801
6378 253 3447
10748 18680 24254
8649 3514 23645
13568 19626 11398
18002 18729 18213
19457 19726 19048
17579 6649 23062
17961 3085 23935
22434 12791 18720
14994 24470 831
10556 18495 14379
25039 22039 22075
25270 22116 13107
18951 11103 745
7116 4702 4615
20391 17761 5902
19892 7858 4583
19368 15807 24131
12547 8557 1780
14514 23338 12407
1767 17569 14232
15108 6299 890
18259 7494 13737
1049 15684 24347
14795 15448 24192
24600 14685 2522
3718 14525 23111
6638 23259 4289
1908 6668 3250
16841 1415 10553
25407 17171 25936
4610 21341 22826
6685 1600 10572
3016 2739 7531
9252 23711 23542
2575 19540 7334
10234 12909 7589
4527 18554 3239
4160 799 6173
19668 5342 10317
25822 10029 20421
1818 7393 5935
22263 20029 1851
19342 13156 7220
25755 23212 8593
3293 19578 4916
16637 9392 14535
13907 15094 188
3035 11165 1004
5215 21063 9162
24523 12528 24934
13993 15989 15762
1680 6033 24216
3901 7618 6548
13411 10113 12794
7558 20652 5686
22725 1497 12687
5204 17388 23597
835 20957 20314
3541 1703 24980
9447 1786 12329
16023 14249 2362
16884 17965 14041
7381 17009 8972
18309 16771 6616
668 7744 15949
18447 19460 5722
21 21155 5611
12885 18063 16952
21878 6699 2809
6148 10694 9027
19043 9585 1287
7782 16953 24000
7531 2163 8356
2651 10907 5235
19617 12656 21335
4665 20508 18806
10852 5286 25499
21146 19521 668
25237 21185 13465
3309 12139 3876
14103 20074 10518
11369 7304 2545
18106 17436 10814
17923 11146 12962
3679 970 4141
20647 22484 13000
17074 1252 7790
25911 24955 22669
16594 11444 12697
19950 6563 25176
15727 14108 7486
21903 21552 16772
20818 9896 10767
22830 11708 4241
2138 12124 17408
25610 19491 15211
6426 18679 22460
12836 21494 4649
7150 9226 4396
10018 14750 22896
17513 16984 18760
14138 17650 11978
4879 924 21411
2945 9246 14607
8444 14554 13867
12287 11011 2436
17406 19231 25799
11866 18443 10643
19114 17637 6661
23879 6264 189
10986 19632 6183
10440 10398 21208
9795 11894 8519
21781 12773 13594
102 23989 3411
19752 11119 24100
16369 20181 25889
9861 4401 19655
12699 16479 25471
23041 18146 4038
11517 13131 2408
11253 16557 5446
15583 6173 23718
2588 9639 10170
8333 19298 1418
6172 24528 15767
16900 3200 6839
10694 18411 12388
22927 7229 7601
897 20573 5218
15263 13665 10924
3247 7877 19272
21594 5031 7272
17355 11335 13143
23291 20367 5269
4997 7337 6268
4573 25040 21138
11734 10414 20776
9853 5121 12745
1583 1016 14753
2292 22213 19133
11628 4339 7347
6115 12156 3637
14661 15492 3231
17783 2392 9160
11280 5657 9400
18285 24421 25759
22621 7956 12523
3031 1447 21455
17018 18508 12740
10191 14352 11750
12060 13051 10163
6800 20138 9610
15904 8821 18639
23750 13994 9920
18393 13826 21296
18723 4198 3522
6102 24008 8703
17025 6115 6101
10321 21787 16655
1074 2126 12225
25853 3519 11068
21100 22809 1069
21228 18822 22991
23449 23469 6115
6664 11073 21275
22194 15182 1047
13842 8898 7965
17621 15211 12201
21689 18207 1449
1157 547 7411
24879 24682 3495
23421 20475 11598
15667 14886 15090
23229 1994 5282
15696 16158 15918
14482 21475 22247
24775 21534 8920
16081 21375 20808
8712 1087 3534
18335 256 8077
4445 18046 6064
21260 11632 17764
25675 11773 15140
406 20939 15617
24943 22495 12753
4923 22131 25547
11691 2312 16859
1723 5893 15701
6755 10107 10473
24554 21860 12477
3200 19269 20949
2011 11629 22943
19843 24216 24400
1393 11665 18859
10475 438 2196
11955 13792 14980
21052 9721 7082
23374 16323 20091
955 16365 24301
5484 17043 22723
13146 7593 376
21608 20744 10947
24410 22926 22323
19002 2015 3944
5869 13977 13285
14696 16311 8383
24695 2775 19188
3554 13567 21566
7068 9488 2926
1477 2677 8602
1123 21229 15657
21983 13408 23392
1183 4423 12117
19152 21642 14912
2339 12678 16244
5446 19734 21179
15354 5425 23789
25884 4174 16120
18735 2557 12526
24374 10761 18405
15239 11785 15455
18887 11306 7738
13354 22724 21083
16920 7662 8267
7353 11238 22876
16865 7826 20402
10530 15572 1312
8036 1916 3144
42 1668 5742
8533 8926 9670
19230 14035 25373
9547 6456 24061
15395 931 20787
21814 16517 19625
19571 16397 9302
8548 20996 6794
9014 22140 18167
8854 18940 8431
22416 17877 7784
11633 10352 13213
19613 11452 4065
3881 3685 1166
23977 5203 17258
12258 11579 9732
9985 18313 1858
12173 15839 14556
11924 14397 3443
7453 9850 371
3501 16695 457
25316 314 2055
8609 12802 2628
446 7262 8422
5659 22258 17142
5283 23669 18709
10278 23532 24049
19710 21496 6413
24291 17927 17385
5955 15953 24919
23155 17678 4225
10145 10456 6156
23469 1635 3569
2611 3938 17883
24822 16106 10710
25018 1315 21105
12577 22505 18007
18653 647 2339
18494 20843 3270
18234 990 23474
20318 12948 9733
11405 9538 9618
20150 13642 10122
7462 18918 9312
1447 9254 25287
21651 15415 14797
8053 10628 6859
25456 3463 14844
21949 15475 9882
18071 4850 23336
23090 1585 11032
22379 21628 9341
4170 25154 19958
3462 16284 12290
5597 16043 15839
1928 21823 13810
8789 17078 12645
8566 23330 6555
12503 3618 6750
4482 10755 22624
22995 15352 7288
20934 22480 7225
21546 21784 18044
17209 4172 16319
6916 6850 16902
17115 5524 7904
19293 2161 11125
21178 1494 22778
8486 24046 2581
3758 206 6222
16277 9503 12343
12745 20950 18989
18404 17204 19344
3970 12130 20734
9890 4719 11357
