25273
10833 10271 17028
281 23152 19011
4776 7357 2392
16722 22282 21965
24474 4375 9664
9745 1385 22088
18673 14593 4219
3554 2293 13346
3661 5640 16679
20740 24537 4650
2324 4227 10383
8501 17484 804
14277 200 19373
1377 1906 11478
2309 20772 5702
16500 1047 5536
18366 5418 9760
17714 14282 23945
16010 9562 16942
18879 11293 2555
19903 3967 20621
15923 22066 2401
2955 4033 21180
6159 25155 16661
5953 19386 1353
8668 11771 8393
15777 824 13862
20420 23605 21559
23352 8322 7382
19117 22840 5598
6052 9754 23844
24356 23698 24854
19406 10675 16169
2078 11389 23986
3442 16608 23426
2502 23679 17340
9435 17822 24886
15487 11254 22130
2304 14819 14023
12179 18576 21541
12204 5096 662
16998 13637 4845
17047 11333 349
22367 10538 2527
4517 17219 6338
8033 11247 15813
23201 24661 14331
12687 7197 21914
13753 12888 14610
4875 8572 12518
23789 17032 18085
3065 7375 10596
13855 7639 23194
3321 16133 22378
22955 5842 17797
23474 13346 23136
1193 24479 23561
6604 8598 3625
10321 11969 7088
3755 5348 12706
11791 19104 14360
2536 5553 2855
13899 3816 17096
2121 4546 7331
20711 24369 6526
16358 19625 17408
4270 15177 7927
11857 5293 17560
6768 766 4288
4192 15772 25023
12151 5690 14096
5592 25237 18926
3139 13342 8754
1786 17329 6051
14315 17307 24673
7203 6284 11847
18604 5248 21729
14585 7633 9372
236 3486 19487
24327 8303 14469
20999 2454 1658
21613 18439 20501
10100 16223 15339
23411 15975 13525
22991 11437 12311
1847 9818 15772
17937 13881 15056
22534 18195 13190
18581 3809 16569
4056 14311 21026
3384 18157 18448
16201 10155 14433
12381 18453 4449
19239 9950 15793
23983 21008 6907
17640 21310 19911
193 21823 24676
24879 20303 4732
553 13601 10270
18608 21158 2769
10525 13260 493
2475 14977 14093
19035 14755 21991
3885 8832 3366
1635 4720 23587
10066 9014 9000
13086 7665 3583
9873 124 21606
13058 15648 16968
13530 1861 6006
469 20804 2913
14521 9118 9701
24540 7969 20549
22142 24453 12093
6701 10550 3983
8101 22538 19435
1804 14581 14917
737 18831 7969
14649 23882 1767
16159 15807 6541
2826 567 12676
18277 14967 4249
2038 12221 10419
5124 24911 2703
17588 15062 10483
12957 87 4090
17313 7800 2201
18725 6596 8975
11080 20403 20476
17090 13743 16376
18890 6906 18014
9893 13541 5516
14949 9944 20087
5551 15164 7091
11599 14951 23891
3071 40 2140
5281 11685 9501
5648 2750 20585
23308 13803 10780
19680 20342 6967
12555 20172 9014
11342 7693 22776
1703 15567 12778
5100 11418 13209
23170 17279 23520
5137 1373 299
17239 9814 17216
13235 11720 1858
23757 15108 15270
21659 14308 17113
20489 15518 4337
25123 21705 19154
4412 22290 881
3522 6134 20913
14263 8780 21758
3478 10953 18305
21921 14580 6729
15262 21454 7278
8058 15894 12142
1181 2017 24483
15763 1628 3504
20752 15562 17066
24782 6049 2167
24365 8252 3112
292 15328 5290
22356 23724 11515
22050 19977 25126
17895 5569 1854
23880 5393 14643
10621 14067 7034
3848 10764 3840
6533 21723 17453
23688 19190 24980
12066 6782 9437
14480 8345 9853
19959 22665 19724
19159 13664 407
2681 21905 24535
15194 24607 21056
1539 4428 8490
1483 2248 13152
3961 11864 16344
1341 8863 22628
7762 5069 17032
7165 16527 4731
24722 23504 21373
8726 14447 12242
14810 10337 13996
17753 8665 7477
6047 14094 2688
8850 11188 14169
11862 5225 13080
23033 3683 4140
3569 13060 179
18833 9934 3317
14321 21260 12058
1407 8505 4798
24039 25194 18722
3496 1689 4725
24268 13927 24001
2267 8679 22872
21971 20219 4086
12677 1406 7776
14369 1502 5921
14818 16621 7725
12452 3204 24081
12112 17554 6598
887 6448 1428
10824 18474 12664
11385 20548 13001
1180 9845 969
4905 18754 843
747 13030 13499
19909 23347 7562
14310 17043 2339
4522 13676 4913
12656 7084 3731
1740 17311 12359
4973 1393 5185
23705 15516 7559
24431 16081 7862
3043 6497 16978
19065 17197 21464
20830 16167 7760
14673 12654 24562
13620 15473 22231
23144 4987 20860
16276 14028 1797
4429 7310 9418
1876 9971 17731
14751 21989 1143
2393 1420 9617
10446 18853 23265
19285 13227 18524
10501 239 25193
2152 1346 16761
14073 13742 3054
4535 546 13795
20025 18518 13965
11377 14333 14328
7651 6725 11812
22866 24742 8099
18844 10120 15225
22941 11566 13377
8616 6629 20270
6359 16008 24229
8520 9609 552
20378 19642 20138
5275 15264 13827
7717 17281 24392
5719 6858 11713
5763 10926 2376
24549 13764 15448
2229 43 176
17265 24127 1026
16972 19735 15872
16522 1975 16234
9721 6379 2377
11645 11849 3767
3370 612 11574
13698 24322 13873
12892 1286 7202
20970 12239 590
11880 8156 4443
5104 23193 12818
5216 23025 13569
14908 8019 22711
22618 1090 8748
12604 14374 10112
19577 1029 21685
5323 10884 6273
22280 7657 16338
19549 6887 2756
8473 13647 7521
13839 3713 22493
17388 13818 6607
23607 8854 15840
14377 22585 15458
1457 12772 6635
11098 11579 232
20327 23581 10462
23083 12344 10736
10477 6164 22262
24099 2402 22652
2569 5473 641
1995 9078 21941
5477 677 1320
16562 22239 21743
13873 13698 11346
23368 3585 12111
13324 3822 14806
2163 7027 19301
21130 3757 923
22928 15334 23779
8749 23593 11687
18317 20550 13059
9060 6154 6987
6355 18598 22629
13214 21925 15904
15829 9591 21266
9325 8459 25030
13241 25011 11818
6527 4023 16635
23739 773 22049
14989 11034 11059
20545 10805 11590
15462 12794 15850
19628 15676 18626
6018 2055 17794
20197 8260 23694
10699 8940 4375
19509 555 4440
15510 5813 3905
17445 22485 3006
19936 21519 19665
12640 12007 5842
24383 7768 3460
18680 11459 6116
11405 7641 14275
20253 3552 23469
12725 22430 104
8184 9554 23936
23087 8636 16589
24241 13451 7814
13120 7184 18002
4947 16170 13714
761 16857 22251
1276 25081 24558
10582 23437 14635
5904 1479 14234
18421 10284 8629
14712 22957 5374
10360 13159 21582
17812 21877 16270
22150 2640 21619
16619 1734 22946
2077 12732 5283
16247 13123 22482
7281 23015 2647
9467 1040 550
316 2126 11255
9653 12238 15831
8433 8194 3091
13014 16684 3231
11163 4929 663
17660 3114 6175
18109 10068 11204
6198 5789 19806
10987 23395 24262
3229 10414 13923
16434 18287 20952
7401 1983 2960
5415 17815 17424
3122 18702 5732
16950 495 4169
11920 16429 16105
12288 10020 14793
8727 14410 17598
18953 15147 20316
9576 12807 10611
6273 3787 22403
17634 11804 6992
10276 20487 25186
13051 23970 14922
17472 25019 19335
16793 18366 2331
18458 13289 13692
4499 19403 13033
20887 11037 16777
17208 23990 7469
16607 3014 16423
9679 24379 8532
5985 14792 5115
357 19358 3180
21211 15729 21841
18651 20312 17763
23236 9780 4400
19274 20190 23871
13717 1733 11644
1712 7857 8967
10520 24155 7687
20661 6020 23226
21850 5997 5407
13486 1655 16172
10196 15927 18282
824 2607 16937
22833 20862 18046
22105 23113 24736
15509 8044 17707
14988 13190 17660
23268 9710 4547
21901 4382 19367
15995 7694 13270
13410 6740 15514
23651 16392 13185
18740 2696 3947
3106 3597 10258
14062 20466 14752
19429 22435 7383
17978 23863 1063
2638 2548 22322
24282 14117 8634
20351 1009 10844
19742 16582 17439
21740 8432 9076
9401 708 6682
17873 22798 3945
9794 23422 2580
1472 18419 23090
23606 16044 18627
12764 8534 12861
7597 5704 8512
23561 9283 9194
6172 5273 19535
13276 170 21329
9220 5511 23396
11268 10518 22168
22822 24859 17962
17574 22832 5664
11841 21846 15950
14724 54 7152
19757 9887 23786
921 16717 9308
7071 7903 3321
15413 3421 14042
24803 23956 2546
16421 13226 13732
5524 2209 5624
11311 9713 3646
22703 8091 9350
12331 7931 23219
5243 1366 12180
3887 10913 25234
8596 4764 21955
3724 15642 10249
16117 3160 17476
24046 6748 24151
24233 5633 6543
19635 21220 16346
19704 2344 297
2213 16811 20212
21450 13865 5440
1638 22200 16198
17969 16938 11959
18035 24192 18445
11205 446 19901
16550 6988 9724
18254 5877 21295
14313 22772 11146
22595 8981 20753
13772 3465 11560
21599 2667 6072
22582 5914 23485
11964 1828 24014
4326 22423 25170
5950 23285 1322
4397 8626 22542
11051 8707 24806
342 18247 4569
20098 2779 5008
5869 14649 1011
15094 754 1401
1236 23782 8051
12854 12389 5089
2611 21342 5062
3622 16549 10446
21535 17682 4353
15617 6648 19375
5694 1166 7409
17542 21969 848
18368 25108 15364
6838 14912 14564
23830 1330 5061
2519 21689 4099
12810 24875 1605
10960 17973 6455
12765 15937 1578
8647 12706 2887
17905 924 8123
1339 11112 14136
15112 13860 10661
12411 4886 11917
7644 2516 19102
4800 340 7669
403 10223 2225
9603 16242 2460
12027 18466 1822
4602 13662 8791
5015 11534 21843
16941 8656 10945
9100 1584 2642
4838 19682 16861
17062 438 1448
18369 12295 15165
11256 10694 16229
20303 741 19466
21998 14292 3394
19554 21673 7794
7231 24826 11016
19004 20961 9482
14618 1212 3150
1092 1163 14218
15512 12897 9803
6926 3644 8542
10905 14141 869
9520 2212 9986
10252 22558 14930
19182 15560 123
15161 14595 1255
5441 2742 3791
19425 7207 20227
21419 8465 19252
310 4144 1432
4115 15611 15457
10037 9153 9678
22889 19952 11390
12229 5100 1027
16529 14491 22871
16679 23221 10557
6653 867 12596
24787 1546 15545
11828 23969 7567
8073 21863 24644
16832 25050 6864
23786 17122 12161
15859 4681 19217
7359 17026 18969
1139 11626 7213
7449 2078 5601
7805 14135 20336
18014 2947 6777
4645 1821 7235
13771 22204 22197
19834 19458 18703
7509 14799 18751
16062 20244 1544
3955 19282 21876
2993 12190 18436
18128 20259 17807
6391 6949 15423
25085 23926 21186
3910 3728 8680
21748 20908 9989
22307 5960 13570
7115 20952 9252
4815 19904 2041
19378 12927 12018
407 6869 2197
16880 22904 17554
2864 16565 20762
17331 3292 1907
20477 18717 21036
12219 21492 23308
22740 16113 17782
21750 5734 5497
17831 21637 8161
20575 12572 14947
6109 2806 2459
10726 18892 9148
16761 22312 1046
9952 15383 17919
8231 1450 19999
6093 8001 24044
10426 13988 24319
15937 3871 24351
14011 5873 12413
3258 2887 19388
15466 7121 18485
15221 17073 7059
21729 14606 12944
13092 21739 18181
16356 114 19846
21874 12282 2
25197 17727 22746
15575 15743 17696
18386 9220 327
4335 8932 7298
15038 1913 7133
8983 7519 274
21337 22273 2503
22684 3992 11435
3747 17406 23962
22024 17933 22899
23136 21404 4091
10994 22619 23976
12013 4178 8744
16102 21377 1497
6496 18937 15927
20155 23818 10127
24272 3746 18788
6340 22367 11514
4706 6076 13188
19943 14877 22581
12992 10686 21427
6985 1085 10916
15874 3432 7571
19345 9653 11098
8355 22136 1326
25227 10456 16473
15353 10835 427
22418 23168 10848
9927 6540 17364
21225 4661 23596
21275 4919 3702
15450 16807 19095
9532 16006 7259
3675 1508 14892
21803 18200 22821
13662 635 10307
15912 5621 2050
10823 15712 9684
6631 1736 11240
13940 7865 23182
2906 14419 7625
3533 12512 20851
2449 19480 23794
1746 21884 18692
12074 24967 18430
13651 5594 20574
24209 20675 14976
1600 19794 18858
15753 17836 2311
10206 18023 12728
4648 19234 16000
11753 17454 11664
24187 11525 25112
16377 15278 18160
16627 19527 17505
3072 10380 3574
24490 8893 8305
5083 14672 24759
7993 9906 6017
24769 2474 7765
9150 13008 10237
7969 14514 17205
22607 11249 17036
25159 12753 21100
5658 11650 10100
5618 22995 15161
8279 2586 1181
2364 4952 3498
16896 10166 4429
4753 10487 10358
5687 1148 12802
19297 6345 24704
8337 3271 20473
24973 15309 8708
12906 3211 21418
13372 18767 3210
1061 9693 18570
7843 4812 13606
23451 18122 15681
22785 8391 1223
4524 7255 16712
21178 13552 15023
20870 2425 20376
12998 5728 23032
16318 10724 4693
15346 22732 2611
11705 21022 9548
10934 13493 6048
11249 23848 13421
11522 21121 11308
6303 23634 21357
24928 11203 5986
8172 10636 16059
7925 3252 13133
6230 25117 9914
25044 20449 10152
21168 20498 23735
24269 9447 15485
24164 4500 9870
7033 11575 20067
24802 17231 15037
13492 19055 18899
10788 19151 6232
143 3792 12438
13573 4117 2164
22191 4306 2695
12133 806 21657
17169 4458 17631
5554 6321 18169
17515 21106 12983
8258 3928 6290
1758 18145 258
18537 404 3028
6563 10096 19047
10001 20032 5585
11120 290 20674
20390 19477 10078
14170 6770 10580
23708 11682 25065
23421 21706 24113
6622 20078 16909
7893 11944 5754
984 8741 4951
2507 6256 17427
16467 7818 6942
12496 2477 8163
17793 22522 19952
12804 6570 11242
4128 24077 8927
4352 530 10866
441 7553 18349
14793 4574 16770
2072 13828 19770
14177 24776 5758
2731 22890 22982
7485 14182 159
15654 22923 11192
9011 22351 8543
14121 8942 17930
1133 7594 8886
3874 24506 20183
3645 19061 5078
3575 22106 5600
337 13379 207
20207 12198 5327
19763 18870 8858
6535 6584 12188
4296 10243 14689
18978 24418 21920
10115 8635 1105
8775 2360 8356
9246 13253 5447
4131 9366 22031
16348 16477 23950
1523 12479 15290
23938 16166 18192
20138 12535 22085
22214 6114 6548
24 16311 19151
11324 7411 19835
7674 15612 1989
20462 20698 769
488 13092 17583
19602 5969 40
16145 12775 14060
15307 8128 728
3786 22415 11867
10333 20843 13753
7310 7276 4414
14236 18529 21293
696 5010 8419
22654 9247 3769
19544 19141 12845
9493 11483 19674
8404 17506 15203
22447 129 11751
10179 10662 14786
21733 21532 24481
14653 16567 7908
11136 11163 23045
19153 7515 21141
22376 19077 20821
11689 5306 14705
22256 18386 2409
11482 5019 20878
19281 11003 19560
18191 11900 18618
6964 23551 24602
8888 8800 1720
10713 9041 24461
13188 15849 13452
18247 13810 5911
24024 11382 8585
4095 19333 21798
24117 12147 22779
1901 21734 24880
24139 12197 1106
10346 19878 12468
10094 16389 6646
12611 20390 15411
666 6206 8198
15844 5119 21725
7544 2911 3141
19522 9082 17287
19854 18980 18952
24586 25126 22505
14586 12067 14484
22098 10683 11788
14209 14733 19851
11025 5958 536
1311 3698 17237
20670 20758 22783
21685 20123 23645
11610 13934 15209
16989 12983 18972
15390 12698 24183
4470 6485 4774
9595 23297 4446
14864 12683 6136
20802 18323 4063
20053 8227 22033
1875 19621 13256
15711 18997 18822
12639 18805 23349
3306 19715 3250
15909 19571 6542
1832 5371 8252
603 3888 19429
4580 5459 5021
17134 2852 12274
14184 807 1617
18505 4490 4745
18808 17517 17334
22023 877 8331
521 6005 20641
4684 7727 16412
15788 7468 14825
18251 8582 24694
5185 14722 6492
22913 10597 13110
376 12418 8317
2732 390 16151
17487 24282 19623
14555 9400 17215
19384 21550 15476
15256 18584 7441
14439 12884 22283
6750 9869 20423
13334 8523 3867
7738 21784 18395
16471 16357 15632
9290 1957 4975
17348 16973 24238
5314 24029 4509
13150 15430 20457
3182 7095 18917
14061 19763 17774
8560 3510 14185
15147 15872 1300
12068 12948 16044
9760 21184 10527
11515 19840 12825
19472 10180 5244
8314 3048 17159
10155 12060 12267
23515 1147 14319
15066 21880 13313
6462 4340 9586
10552 9333 24925
21294 12900 697
2400 19037 10013
4241 22853 2431
811 6829 8826
6882 1246 15689
5790 20619 1940
16495 21913 18240
15524 7376 465
5383 17775 10822
4474 18073 18155
18072 16662 9845
8701 5760 15340
770 15013 5151
3382 3384 376
2764 8619 16494
20230 14232 21613
7472 16785 12487
2574 15329 12550
1024 12314 19701
20496 12032 5715
20819 18028 22408
1699 8600 1050
5460 8659 7315
13508 15072 22329
9180 23241 19610
19787 5070 20173
4486 7663 6030
2821 13970 17034
6475 17610 3233
9357 12104 642
21044 13639 15585
15946 20571 20704
24843 4300 20975
1783 5309 8293
6427 9483 14080
13074 11755 4619
15402 24936 17535
12785 21387 5942
23994 24723 21509
8138 24236 4882
7552 2970 20645
1329 11240 8449
6817 19408 12902
12073 4083 12394
15344 638 21857
19094 5291 5718
15360 6691 12130
23273 22020 15786
24073 16169 10033
14843 22218 6374
9096 7105 13649
11445 4275 11266
21094 16274 6721
5693 5161 3848
13981 4983 5187
19991 23452 7336
16665 3301 5886
21378 21210 18656
1583 21084 10197
9379 24618 3427
454 22268 2267
17434 2163 22204
17133 24676 24441
16463 18537 1681
15526 22689 5690
14223 7067 10831
9448 16020 16205
1655 18681 14523
17203 12841 21590
24292 14835 10701
1945 24598 14871
17685 426 15073
25007 19299 7609
24632 15227 13684
6056 12528 4459
8198 22186 18600
9933 23477 22455
941 8590 2811
22856 6930 16288
23929 7577 9054
21508 24692 24725
12261 18558 11298
21516 17479 19176
71 5203 24949
18477 14564 2092
4761 12632 98
13820 3467 16825
3264 15564 9032
9839 2323 18028
19589 20008 4908
12925 4417 10704
10658 3096 8371
7125 16984 18292
865 4855 5796
14541 17710 6633
18786 1768 3554
7437 12635 3680
12533 10295 1128
21462 14915 17857
10856 7450 20042
11649 504 9227
11552 15010 8004
14786 17828 8088
2783 11200 2081
14404 16533 24808
11691 964 4240
22497 11542 12934
14127 5102 13473
2036 20717 11061
1325 12596 15039
20150 13504 6419
18547 12158 10988
18235 21066 7140
16032 8411 11607
18937 23728 11979
4968 18639 624
8934 24587 22830
19212 17636 15560
5757 7160 22674
15678 4612 18060
24670 17883 5420
13037 23857 15118
19388 13337 20893
24409 2624 14844
21343 17756 23153
2479 21591 9959
3983 17166 2742
5839 19352 14398
10403 13421 5654
114 5654 24300
18169 3756 18755
21563 17372 3859
21428 20648 9263
7163 19032 12227
624 1136 18109
10752 12871 19524
7230 16901 21235
8988 3036 9113
3415 9190 20993
23064 17571 20791
13632 17332 21987
5038 21129 24532
20614 9507 8236
8806 12442 4018
13684 7872 16531
915 6428 3300
24516 16750 2004
21766 16173 83
5372 7661 6201
4155 240 4137
20922 1783 20093
5638 461 12303
21064 23760 10328
4020 13956 17876
24690 23064 12634
19203 15881 15722
867 11062 5232
13437 8393 6822
