26349
24645 2715 5686
15345 16180 23480
22088 18209 12801
434 20647 25930
2551 2017 12240
21019 17491 17697
18366 1527 11231
22537 22549 21284
701 2283 9576
17735 8928 24175
1004 21651 7944
24138 17057 2367
18249 25723 15586
9883 10104 22346
17131 13457 22952
683 7238 14802
9959 104 20415
130 11476 17671
23990 17980 6208
1532 395 7287
23873 4902 9487
8875 18187 7820
9745 3397 13072
3034 20516 13583
15493 16143 12147
11950 24549 14984
3558 18618 24042
22032 18573 69
11336 20917 20481
24985 5960 11837
495 20318 4078
6793 10307 11808
15728 8721 25228
4283 2117 8593
3008 24321 7792
14901 22763 19630
579 6220 21685
1633 5717 15501
16268 16868 479
19612 3935 19043
20866 10075 16320
589 11840 15169
23739 24012 2751
6590 7368 6935
17779 3886 16683
4473 13706 23959
2637 21326 23042
7800 16343 4445
8778 12016 15999
7843 21873 9170
1147 14092 11589
19756 21661 3008
14037 18355 19821
2191 19473 23519
19164 854 3352
19408 25402 13154
23360 19893 2836
3536 5588 19435
3609 20504 10363
1464 20695 1022
2851 23477 10147
22638 20124 15327
22028 6717 12218
13934 19822 242
19005 26300 11311
14786 5761 4828
782 1115 4688
21584 12710 10112
6212 2806 14445
22916 4444 24501
12767 23048 14095
10232 2182 19357
8532 16928 13192
15825 12282 17696
13399 18051 15730
13767 16439 20378
21284 23526 10941
17717 12396 19609
1900 5804 23882
24109 19683 18881
5344 12624 8624
22624 21335 17084
16066 7187 23758
13765 13933 1484
23833 17493 12637
526 10274 3837
3906 6888 9220
22958 429 20146
4247 24891 11509
17054 21634 14597
22276 12787 5569
24405 2892 24282
12878 11699 17142
24719 12106 2051
16180 2681 3405
24586 16568 11545
13579 18746 2719
5250 5649 13950
4662 18361 14918
11457 9380 18990
7307 17885 19788
12225 15546 23719
177 11796 1849
19082 19345 17279
23311 8392 4058
15393 20355 16419
20496 20942 5644
14943 1885 19276
4526 5181 3202
9109 6117 13500
20249 23240 18260
6924 17318 6578
1176 17412 15376
3381 20399 761
4217 22700 10902
24235 23494 20779
2464 21281 11092
8756 896 20537
18531 14839 21577
16828 24065 24372
21935 11067 5277
20630 18215 2153
23279 19406 329
20969 2304 21386
16071 12243 19557
13026 10384 20457
8466 18004 8486
7275 3623 15528
24870 657 14828
18185 9060 6528
22399 21431 22799
14365 6024 19963
13151 20637 21810
12046 16183 17633
18286 12440 18031
5396 22119 11853
8046 9309 15801
4382 21457 14565
24028 7793 20991
13744 17104 16211
5380 26223 20491
6237 16120 25183
21298 17737 25535
8843 5259 23931
20096 12849 21617
18647 364 14478
6461 24622 7427
12184 20594 20918
11927 10737 11889
13975 17143 13717
16198 8561 17814
16231 23881 20554
16956 14463 24149
21545 8322 4343
11108 26134 23712
22090 5501 6100
17843 9610 14946
12406 10550 8847
22436 24634 3510
23626 1463 8207
17028 24380 23131
24904 1434 653
16968 1492 21888
6806 14202 22097
24273 26018 25579
24679 174 23064
20810 4693 11332
22291 2130 14583
3290 7112 2025
21256 24058 13533
17515 16873 8880
14307 3840 5417
10894 11186 18732
21773 11138 11117
12033 21085 17699
22819 17409 4765
24699 7313 14029
15906 16476 12938
18260 2480 5903
21959 6377 2105
12814 16983 3165
13561 8821 11356
17336 20542 12345
19706 14511 13659
20204 23418 22047
13058 5378 4506
6218 9669 5711
1913 19600 6134
13468 9011 9339
3602 14001 18185
12871 5069 16816
16012 25299 546
14604 1490 22018
20890 8659 15911
8718 19501 5453
19541 10354 22763
4109 14894 13388
467 21412 4124
19758 14749 77
13212 1988 20746
14126 5913 9859
18138 6458 12418
2508 21519 25192
8332 19577 6658
14563 12058 9698
22241 5569 5786
8631 2857 15426
12942 6049 6670
15126 10343 23801
2750 11720 24670
11017 15869 19153
10432 22240 5001
20465 3121 16608
22578 20310 22539
9384 10182 11931
10774 23899 15092
9242 23215 20389
4783 11494 15734
9142 315 23431
1581 19107 3326
21877 2578 22457
12676 1229 17975
614 9588 9952
20723 169 3508
22021 23939 16948
10749 10876 2918
10016 472 1391
20540 25101 25139
432 5460 2609
12290 24748 11652
9265 20034 18611
17465 7234 23381
5560 16613 17857
5099 1819 477
24968 23272 8453
19826 18080 14043
2628 4080 5236
9291 22352 13784
18186 2829 10468
7376 2398 9108
3856 24578 1235
5957 23340 20843
22439 18891 5064
24310 15676 22356
19421 21440 23651
9588 20914 23852
13072 24479 5803
5816 19470 12994
23342 62 25357
14505 698 25048
7100 2671 6488
17347 1892 2425
14209 9091 10321
5720 19732 19271
12359 13900 11240
15091 19004 21872
10822 11463 7356
7066 26255 5116
7225 19797 6081
5945 20784 16105
19044 2442 2407
14695 9488 20727
2235 1734 23012
23949 7094 19841
15130 18152 14808
21991 6588 19521
21053 13037 8254
24491 25044 1101
14743 1731 10816
21819 14700 11668
20070 14641 8512
17877 2780 273
7939 18410 23283
22076 18691 11968
6751 14565 19247
19090 8155 17100
7180 22264 14171
20559 13721 5132
18614 9287 1458
7126 18957 5949
3187 9555 5614
376 4978 25385
3946 21046 21017
12273 1107 22313
11628 2252 19783
10958 2350 20231
18720 7550 6034
11826 416 3888
1850 12119 6419
6610 26091 21850
23103 763 5382
5006 15894 20572
5592 22021 7508
18072 10017 24515
7373 2718 6723
819 9186 17091
17573 25586 19320
19327 19315 25899
4561 2647 24140
13261 25242 12545
17064 4910 3723
25028 16628 19777
19208 3701 18460
9494 17954 10296
7162 23440 3746
6586 15246 25090
7036 202 18397
3232 3083 24253
15570 7941 12687
17380 18698 112
8919 2074 160
22862 10841 22202
244 24893 4277
20281 6399 18502
648 4569 4780
24836 12990 20290
17084 16257 11316
15514 9653 14424
13499 4615 2270
16861 22872 13978
22317 23945 20102
7520 9713 2568
15953 4381 20351
9337 3471 9125
16354 12581 9444
20986 13313 9920
17937 22922 884
3081 6951 8930
19414 12666 6851
175 11932 19848
12116 7047 16934
5856 14978 11658
18228 22344 9020
14418 6734 24763
14835 6174 15470
20885 8893 11449
8486 11598 18094
17237 979 5688
11278 10958 7154
6774 19540 14314
16528 14303 4684
16718 15471 22155
6827 1798 12922
11326 7147 23604
8796 13538 18021
17013 6616 10599
1442 18522 10197
6168 1771 24715
20349 6139 2824
14369 14853 4014
24632 24434 13771
6475 22981 8539
23806 20880 11788
10644 22603 22726
1362 4106 13063
16443 6568 17502
11750 16525 11927
2264 25686 8751
8967 13618 14211
22355 10523 4490
20303 22397 16404
1322 2336 887
6891 23394 5361
14015 19298 22830
16115 24896 10422
6408 11945 7993
20752 13802 22818
22270 12917 11756
13228 18306 20995
3278 8749 4104
19948 21903 26120
5454 8696 1630
7740 12154 10632
23052 15191 13992
11401 17516 15103
3698 24162 18560
4083 6733 21836
8447 18771 25460
12451 16196 4954
13113 19168 24479
15524 22853 13699
316 17602 14121
4174 23605 494
24303 2529 7031
18464 8457 13222
330 7003 22918
8989 7565 19560
6692 2831 1766
25057 20649 23390
10383 21777 1387
2081 14932 26040
15776 7511 7948
11848 6249 21042
11586 16172 3869
1632 3793 5397
1690 24149 21136
8874 4499 4674
9027 3314 13469
4965 23318 10766
20134 721 10885
8258 23678 6778
17216 3462 12428
845 20709 22704
3300 21937 17820
4176 11346 23326
21006 17625 4405
20992 554 25652
1208 24952 4616
19372 4643 15392
3491 9954 18131
906 18406 1851
6547 13858 22176
15595 13963 23805
6279 6362 17180
6946 9205 17493
9404 11393 12186
10457 4461 11212
6841 3983 14766
17440 7108 20965
436 8113 24222
17169 8567 621
13479 20087 24499
20619 14389 5430
2703 4766 8773
14232 19763 2532
21500 25314 11136
21029 8286 18898
23494 5014 3062
7476 5115 8959
7642 25344 1324
15307 25211 4317
3089 12799 16905
2555 22060 4203
19147 21 19380
20896 1536 5240
23132 24655 12303
24616 22638 16306
21913 308 22447
20964 19745 3927
21404 9518 20011
19869 569 9681
20193 13506 5656
24345 23430 16569
18575 16032 935
18667 14117 16157
10523 19839 2467
8673 19330 13327
19366 20467 11345
8580 13828 25993
21165 24980 18681
15391 16831 24432
3840 6670 14916
9638 11420 2697
21914 17180 13668
1231 22296 16274
571 7167 13013
10233 8026 7368
3988 17688 13853
7774 5532 14552
6012 8974 17439
9559 22822 5311
17633 22464 15680
20756 19587 25975
21853 24430 6593
20749 21364 3442
8110 7657 17773
16743 21497 496
21059 11627 13657
3783 22960 23695
2942 4227 12734
19735 16662 14702
19269 12681 22411
17739 15587 694
2201 25845 802
4122 25962 11469
20252 12138 19205
5725 6843 1425
289 2522 1153
1947 16055 12958
11663 2227 9740
18336 5995 5908
4846 6535 11728
8247 11024 23149
20044 3412 21374
5631 8259 14292
24813 10325 14434
17634 4826 12050
21468 6803 22981
9617 24904 6452
1776 21823 10320
16793 24512 12593
19012 24044 9819
2603 18293 18583
17207 2888 19535
21346 21267 16856
23947 7843 25284
10813 17234 16745
15367 13990 8252
15857 20903 5851
23763 8238 1014
13316 12188 1959
20657 14648 20813
9612 13243 14379
8607 6118 16699
21465 16077 2512
69 26055 4662
18417 17367 11257
23673 1188 15972
23878 5669 4249
5766 19857 25835
18444 18342 11964
15195 14044 11612
10009 14693 13619
12567 7748 21331
11360 14492 9369
9315 16701 26175
6059 4857 21981
15684 19043 21400
9810 14560 9536
1047 25632 1543
6062 10694 19691
5425 3035 16763
19639 19557 24030
24578 23141 12449
15290 23634 8290
16594 20486 7007
22894 25020 21510
22814 2020 6749
19315 6323 26134
13695 12317 20369
19933 256 6177
21258 20996 22877
9673 289 10919
19130 11549 14877
20852 18375 5020
109 14955 24937
12862 6186 6493
89 19749 1205
7867 21175 644
16313 6832 14251
24171 10751 14083
2786 9967 19306
8308 5328 6343
11523 25345 25585
6096 17956 2412
22313 1314 21000
17443 8211 14723
21021 3557 2959
21212 15249 21
21887 12756 8642
15853 10276 15205
21354 11929 10638
23732 20468 16444
3596 6640 24148
22390 3198 21232
7598 15714 14165
3623 16014 15148
1076 24636 2201
23537 8575 10998
20386 11103 16261
20892 9901 21637
10178 17431 10682
6432 24792 25953
11027 4343 10557
15417 1300 13395
533 10793 367
1471 2517 23929
12638 23695 11068
9807 1701 23086
9504 2918 24391
16665 12057 7432
21636 13349 19511
5605 17906 10510
14387 22416 24533
24075 21952 5533
17965 24731 12082
15982 7353 1585
16905 6739 5798
12614 18841 8989
16393 1668 911
14344 15775 7580
23274 2145 20621
13891 13422 19889
13258 10586 17229
719 20256 11775
3645 8877 19721
7137 17373 25986
24365 2924 11300
14621 1210 6318
15539 10583 25489
8325 9319 19194
2677 16393 11698
401 16880 2034
8084 13348 21307
20135 10985 2642
1983 15394 22045
15442 11658 12512
12084 22053 14307
15160 18360 4159
19794 8375 15751
19380 6787 3655
21438 3595 9418
17306 831 1716
4216 7007 23126
9802 19696 10717
6239 13056 1671
15071 3656 21937
19033 6981 16564
9061 19940 9876
20582 1093 18141
15026 23819 11618
11213 9943 18998
12726 17216 7612
1915 18475 10158
9853 15630 18591
9616 8488 24058
14840 17321 4572
18971 1942 6900
15447 12895 10836
3997 4530 25597
3802 24991 8170
12261 23924 17619
20362 15932 5984
23901 7603 6905
14981 25363 16834
16822 11995 20780
15292 26283 24818
23764 946 3463
21612 19336 23482
16020 14688 9129
24921 8268 11239
19981 19651 24953
13815 25184 14792
4130 172 6154
5974 1162 17609
12773 14684 3743
10326 16976 22531
15745 23800 7857
14284 19327 16332
16712 12951 17874
19056 24768 16142
12351 11506 2850
6438 9129 7323
18854 6508 7960
17897 10484 24131
5405 19820 13176
2807 23381 23188
17841 13207 15231
22707 14818 6806
12145 22195 1261
5053 4391 10796
886 7985 19115
12335 1385 11435
11662 15280 7470
9701 25088 2556
23246 24871 13449
10918 2311 16521
10276 10829 4493
15419 13068 25415
18027 9335 15024
19704 2390 7745
8651 13096 18067
14159 16242 5070
13976 21727 23232
10150 15063 10062
15962 3487 3892
8254 9413 4394
956 17097 20301
14655 3277 25484
22472 1918 3711
2872 9345 24125
7695 999 23020
4133 18172 11083
10756 6867 21297
2019 4056 19412
2292 23928 13909
23581 13302 10024
17096 7892 13975
2154 7469 10407
19511 9344 21739
11991 19314 3288
22661 19076 1945
21375 23719 15279
4333 4551 3862
9921 22684 22403
2456 13265 22686
10927 18819 12520
7204 17457 12474
22495 15141 537
20774 3235 203
350 18929 3429
5211 24370 18369
20871 9254 21783
12136 14153 12891
11789 22564 1717
2709 8843 3357
18952 18634 1297
19124 2972 21737
5536 5625 22282
2803 8615 7417
21798 16461 17472
19978 17834 10220
3338 5890 17433
21863 3754 2310
13672 22096 7263
3911 20216 25147
7678 866 18521
10093 4150 6525
19093 15662 409
11060 20081 24734
9865 5371 26192
11812 17599 10719
13548 24249 24554
10678 18812 18714
2970 4195 8115
10559 5142 12460
11983 1533 25756
5297 14225 1449
14086 3148 9299
24763 22513 17582
2425 25583 18913
20013 24294 22248
9397 12219 11223
12485 14450 5540
12631 23012 431
19453 7643 16580
562 13559 6638
22765 6278 21447
11540 15165 2780
1406 3604 2844
6415 1361 3611
5494 11880 12105
1618 9452 25935
2334 7733 14345
10985 10965 5150
3155 5830 22654
24012 19613 8897
5492 2674 20880
7477 21859 8163
23208 3203 9836
7570 5841 14669
20184 1574 970
7073 19208 2208
14526 13698 19464
9922 20302 21700
19166 10232 4907
10376 4229 8392
23182 25806 4344
16711 17020 17376
1826 11307 8045
8152 10645 17909
14394 14821 15776
1253 17550 19817
23989 21596 2785
17592 9786 7896
5378 11613 11174
18997 21705 4538
23719 20985 13704
7975 17781 1075
23407 9818 13346
2488 20837 6644
5142 26057 9263
2261 15107 1050
21163 5296 12368
3416 7270 9500
7900 8649 18631
15398 8383 19943
13364 24132 16446
17330 15506 19273
13622 15436 16025
11136 21277 7213
5682 16669 3671
7563 12006 18343
14244 7690 16671
17283 18160 21091
9176 13652 16068
23449 3617 23333
1492 14743 24895
18087 14646 5391
18424 8789 12779
3724 14023 9048
21133 11297 7059
15833 19311 12843
16467 25139 22616
2922 17277 7273
3746 14786 16190
16053 18536 14643
14007 22354 13122
12520 6949 143
17927 23529 838
206 2986 8610
4438 21134 18950
16572 16730 19100
15259 137 2227
19567 11270 17419
24422 4937 10692
4119 19961 18582
23960 21229 25718
4929 12501 10223
6140 12783 24853
4878 7608 19059
18089 25536 7105
17893 15951 7203
24457 11497 23871
17568 19766 3989
18397 23178 7062
10046 5050 3739
15715 5917 8299
10711 13372 26085
4831 10028 25327
6927 969 9769
9216 16791 18662
20939 14344 15644
19910 21707 5602
7729 4318 16636
17414 6440 18437
9060 13266 5910
18484 16845 20266
23907 25496 15576
9448 10911 17001
8368 20094 25620
18760 18112 510
8008 19537 19159
17565 23018 8817
3037 22118 5511
575 23585 6255
12069 2135 1867
4738 20580 25238
17991 15834 15869
6560 20823 8082
1674 22646 285
5903 18254 5861
733 15993 15606
2558 25883 23996
22739 22643 8567
13854 14814 18207
2410 13136 10966
18809 19309 16996
17813 10432 1641
8924 18227 19367
21098 16718 18849
1294 20371 8263
23071 17031 1046
1521 7835 22493
3442 1623 3121
9961 6472 3505
10609 2420 3570
2105 24095 2074
14660 15627 7750
22487 4793 21212
16155 6349 25251
8176 12355 6628
5151 19101 586
10236 25398 12000
5771 14603 7536
6716 5224 759
6990 25451 24590
3139 13168 22263
24513 5416 23571
16932 13756 22369
7892 15237 3076
7428 4704 16800
5697 2618 5500
6396 19135 25880
21351 1243 6384
18705 23098 8367
7171 12462 21484
11979 14014 18393
20449 21907 9318
9776 2239 21269
8215 16766 12936
11502 3354 11390
11762 12409 8702
2051 25932 15047
13888 25764 3782
18882 9851 8652
1291 2392 17510
598 18680 5853
11248 11753 3017
4807 1047 13470
5174 25912 16322
10193 18110 21531
12725 19420 17401
9967 3732 17760
21693 15032 24622
21675 25815 20701
4885 12543 25203
4709 2599 1787
22147 22127 17306
5044 21196 24330
10573 4721 15956
17139 4829 6958
1034 9820 13516
6064 2281 1818
12980 15307 10248
22545 20170 3795
8088 4566 24791
3162 9484 8406
6525 17617 4718
13312 22813 1906
6642 25697 17558
9013 26177 3553
6346 24267 11041
14457 2854 4872
13950 4017 13878
1731 4859 7653
11016 10629 1645
22972 21552 1990
16663 19256 23677
16925 21995 2859
8413 808 24508
3564 8538 2898
23514 23964 11983
17699 1286 18270
5767 22750 17956
16635 5664 6451
4612 2741 13396
20408 9147 2651
18215 7795 7681
1111 24077 13261
11666 10250 14247
17659 16303 710
12432 5095 13307
6669 20530 12021
22189 23851 13817
11438 16049 1372
12906 26312 5581
21044 1855 16192
3660 10141 20055
20512 22058 9990
13450 162 334
13449 6936 21261
22008 25649 25694
5382 24208 23523
16096 7439 20195
4487 4076 23236
4248 25272 5197
15362 23194 25074
23002 17856 14198
4256 20011 25797
10101 4131 6293
24528 6251 25520
16491 2199 17721
10862 11361 12798
3760 18821 17042
22236 23751 9642
9513 10471 8323
7848 4278 14508
8306 5036 19828
18914 10287 8041
17137 8072 16477
19678 15818 18765
11720 506 16366
24745 14591 7719
11178 4398 10319
24647 24834 2326
4029 20446 19970
13192 18955 9172
8972 3532 12828
6305 17803 13724
24240 6075 22578
4504 22147 1534
14885 25600 15991
16537 8342 13255
19224 1596 25003
30 1662 1146
2378 237 18309
3872 25989 23270
24871 24702 11689
8322 8414 19648
16809 15641 12277
7312 15612 19931
23249 18434 9193
1545 7404 20668
21975 17643 14657
24406 609 19765
15644 13581 3946
21729 24914 9146
15352 8170 16686
20590 16849 5760
4352 14275 21183
18246 14985 12805
24200 14436 2386
19486 15748 18808
19702 1327 18245
19061 14984 7329
4131 19395 1176
10545 9739 9614
5637 5150 22107
20698 15097 12244
4572 22177 17984
15225 13594 17343
13280 7452 6861
1665 20740 10507
10504 15352 6693
4073 14662 888
4420 11225 3245
11677 2503 9065
7353 23551 13400
7405 2038 24084
